0.001 0.5918 0.02091 603.5 0 0 604.2 603.6 
0.0012 0.5504 0.02764 350.4 0 0 351 350.4 
0.0014 0.513 0.03455 220.7 0 0 221.2 220.7 
0.0016 0.4767 0.04117 147.3 0 0 147.8 147.3 
0.0018 0.4421 0.04728 102.7 0 0 103.2 102.8 
0.002 0.4103 0.05284 74.24 0 0 74.7 74.29 
0.0022 0.3818 0.05787 55.25 0 0 55.69 55.31 
0.0024 0.3564 0.0624 42.13 0 0 42.55 42.2 
0.0026 0.3338 0.06649 32.8 0 0 33.2 32.87 
0.0028 0.3139 0.07018 25.98 0 0 26.37 26.05 
0.003 0.2962 0.0735 20.9 0 0 21.27 20.98 
0.0032 0.2804 0.07651 17.04 0 0 17.4 17.12 
0.0034 0.2664 0.07925 14.05 0 0 14.4 14.13 
0.0036 0.2538 0.08176 11.72 0 0 12.05 11.8 
0.0038 0.2424 0.08409 9.858 0 0 10.18 9.942 
0.004 0.2321 0.08627 8.366 0 0 8.685 8.452 
0.0042 0.2228 0.08832 7.155 0 0 7.466 7.243 
0.0044 0.2143 0.09027 6.162 0 0 6.466 6.252 
0.0046 0.2065 0.09213 5.34 0 0 5.639 5.433 
0.0048 0.1993 0.09391 4.656 0 0 4.949 4.75 
0.005 0.1926 0.09562 4.081 0 0 4.369 4.176 
0.0052 0.1863 0.09728 3.595 0 0 3.878 3.692 
0.0054 0.1805 0.09889 3.181 0 0 3.46 3.28 
0.0056 0.175 0.1004 2.827 0 0 3.103 2.928 
0.0058 0.1698 0.102 2.523 0 0 2.794 2.625 
0.006 0.1649 0.1034 2.259 0 0 2.528 2.363 
0.0062 0.1601 0.1049 2.03 0 0 2.296 2.135 
0.0064 0.1556 0.1063 1.831 0 0 2.093 1.937 
0.0066 0.1513 0.1076 1.656 0 0 1.915 1.764 
0.0068 0.1472 0.109 1.502 0 0 1.758 1.611 
0.007 0.1432 0.1103 1.366 0 0 1.62 1.477 
0.0072 0.1394 0.1115 1.246 0 0 1.497 1.358 
0.0074 0.1357 0.1128 1.139 0 0 1.388 1.252 
0.0076 0.1322 0.114 1.044 0 0 1.29 1.158 
0.0078 0.1287 0.1151 0.9585 0 0 1.202 1.074 
0.008 0.1254 0.1163 0.8821 0 0 1.124 0.9983 
0.0082 0.1222 0.1174 0.8133 0 0 1.053 0.9307 
0.0084 0.1191 0.1185 0.7514 0 0 0.989 0.8699 
0.0086 0.1161 0.1195 0.6954 0 0 0.931 0.8149 
0.0088 0.1132 0.1206 0.6447 0 0 0.8785 0.7653 
0.009 0.1104 0.1216 0.5987 0 0 0.8307 0.7203 
0.0092 0.1076 0.1225 0.5569 0 0 0.7871 0.6794 
0.0094 0.105 0.1235 0.5188 0 0 0.7472 0.6422 
0.0096 0.1024 0.1244 0.484 0 0 0.7108 0.6084 
0.0098 0.09991 0.1253 0.4521 0 0 0.6773 0.5774 
0.01 0.09749 0.1262 0.4229 0 0 0.6466 0.5491 
0.0102 0.09515 0.127 0.3961 0 0 0.6183 0.5231 
0.0104 0.09287 0.1278 0.3715 0 0 0.5922 0.4993 
0.0106 0.09067 0.1286 0.3488 0 0 0.5681 0.4774 
0.0108 0.08853 0.1294 0.3279 0 0 0.5458 0.4573 
0.011 0.08645 0.1301 0.3085 0 0 0.5251 0.4387 
0.0112 0.08444 0.1309 0.2907 0 0 0.506 0.4215 
0.0114 0.08249 0.1316 0.2741 0 0 0.4882 0.4057 
0.0116 0.08059 0.1322 0.2587 0 0 0.4716 0.391 
0.0118 0.07876 0.1329 0.2445 0 0 0.4561 0.3774 
0.012 0.07698 0.1336 0.2312 0 0 0.4417 0.3648 
0.0122 0.07525 0.1342 0.2189 0 0 0.4283 0.353 
0.0124 0.07358 0.1348 0.2074 0 0 0.4157 0.3421 
0.0126 0.07195 0.1354 0.1966 0 0 0.404 0.332 
0.0128 0.07038 0.1359 0.1866 0 0 0.3929 0.3225 
0.013 0.06885 0.1365 0.1772 0 0 0.3826 0.3137 
0.0132 0.06736 0.137 0.1685 0 0 0.3728 0.3055 
0.0134 0.06592 0.1375 0.1602 0 0 0.3637 0.2978 
0.0136 0.06452 0.138 0.1525 0 0 0.3551 0.2906 
0.0138 0.06316 0.1385 0.1453 0 0 0.347 0.2838 
0.014 0.06184 0.139 0.1385 0 0 0.3393 0.2775 
0.0142 0.06056 0.1395 0.1321 0 0 0.3321 0.2716 
0.0144 0.05932 0.1399 0.1261 0 0 0.3253 0.266 
0.0146 0.05811 0.1403 0.1204 0 0 0.3189 0.2607 
0.0148 0.05694 0.1407 0.1151 0 0 0.3128 0.2558 
0.015 0.0558 0.1411 0.1101 0 0 0.307 0.2512 
0.0152 0.05469 0.1415 0.1053 0 0 0.3015 0.2468 
0.0154 0.05361 0.1419 0.1008 0 0 0.2963 0.2427 
0.0156 0.05256 0.1422 0.09656 0 0 0.2914 0.2388 
0.0158 0.05154 0.1426 0.09254 0 0 0.2867 0.2351 
0.016 0.05055 0.1429 0.08874 0 0 0.2822 0.2317 
0.0162 0.04959 0.1433 0.08513 0 0 0.278 0.2284 
0.0164 0.04865 0.1436 0.08172 0 0 0.2739 0.2253 
0.0166 0.04774 0.1439 0.07848 0 0 0.2701 0.2223 
0.0168 0.04685 0.1442 0.0754 0 0 0.2664 0.2196 
0.017 0.04598 0.1444 0.07248 0 0 0.2629 0.2169 
0.0172 0.04514 0.1447 0.0697 0 0 0.2596 0.2144 
0.0174 0.04432 0.145 0.06706 0 0 0.2564 0.212 
0.0176 0.04352 0.1452 0.06454 0 0 0.2533 0.2098 
0.0178 0.04274 0.1455 0.06215 0 0 0.2504 0.2076 
0.018 0.04199 0.1457 0.05987 0 0 0.2476 0.2056 
0.0182 0.04125 0.146 0.0577 0 0 0.2449 0.2036 
0.0184 0.04053 0.1462 0.05562 0 0 0.2423 0.2018 
0.0186 0.03983 0.1464 0.05365 0 0 0.2399 0.2 
0.0188 0.03914 0.1466 0.05176 0 0 0.2375 0.1984 
0.019 0.03848 0.1468 0.04996 0 0 0.2352 0.1967 
0.0192 0.03783 0.147 0.04824 0 0 0.233 0.1952 
0.0194 0.03719 0.1472 0.04659 0 0 0.2309 0.1938 
0.0196 0.03657 0.1473 0.04502 0 0 0.2289 0.1924 
0.0198 0.03597 0.1475 0.04351 0 0 0.227 0.191 
0.02 0.03538 0.1477 0.04207 0 0 0.2251 0.1897 
0.0202 0.03481 0.1478 0.04069 0 0 0.2233 0.1885 
0.0204 0.03425 0.148 0.03937 0 0 0.2216 0.1874 
0.0206 0.0337 0.1481 0.0381 0 0 0.2199 0.1862 
0.0208 0.03316 0.1483 0.03689 0 0 0.2183 0.1852 
0.021 0.03264 0.1484 0.03572 0 0 0.2168 0.1841 
0.0212 0.03213 0.1485 0.0346 0 0 0.2153 0.1831 
0.0214 0.03163 0.1487 0.03353 0 0 0.2138 0.1822 
0.0216 0.03115 0.1488 0.0325 0 0 0.2124 0.1813 
0.0218 0.03067 0.1489 0.03151 0 0 0.2111 0.1804 
0.022 0.0302 0.149 0.03056 0 0 0.2098 0.1796 
0.0222 0.02975 0.1491 0.02964 0 0 0.2085 0.1788 
0.0224 0.0293 0.1492 0.02876 0 0 0.2073 0.178 
0.0226 0.02887 0.1493 0.02792 0 0 0.2061 0.1772 
0.0228 0.02844 0.1494 0.0271 0 0 0.205 0.1765 
0.023 0.02803 0.1495 0.02632 0 0 0.2038 0.1758 
0.0232 0.02762 0.1496 0.02556 0 0 0.2028 0.1751 
0.0234 0.02722 0.1497 0.02484 0 0 0.2017 0.1745 
0.0236 0.02683 0.1497 0.02414 0 0 0.2007 0.1739 
0.0238 0.02645 0.1498 0.02346 0 0 0.1997 0.1733 
0.024 0.02608 0.1499 0.02281 0 0 0.1988 0.1727 
0.0242 0.02571 0.15 0.02218 0 0 0.1978 0.1721 
0.0244 0.02535 0.15 0.02158 0 0 0.1969 0.1716 
0.0246 0.025 0.1501 0.02099 0 0 0.1961 0.1711 
0.0248 0.02465 0.1501 0.02043 0 0 0.1952 0.1706 
0.025 0.02432 0.1502 0.01989 0 0 0.1944 0.1701 
0.0252 0.02399 0.1502 0.01936 0 0 0.1936 0.1696 
0.0254 0.02366 0.1503 0.01885 0 0 0.1928 0.1691 
0.0256 0.02335 0.1503 0.01836 0 0 0.192 0.1687 
0.0258 0.02303 0.1504 0.01789 0 0 0.1913 0.1683 
0.026 0.02273 0.1504 0.01743 0 0 0.1906 0.1678 
0.0262 0.02243 0.1504 0.01698 0 0 0.1899 0.1674 
0.0264 0.02214 0.1505 0.01655 0 0 0.1892 0.167 
0.0266 0.02185 0.1505 0.01614 0 0 0.1885 0.1667 
0.0268 0.02157 0.1505 0.01574 0 0 0.1879 0.1663 
0.027 0.02129 0.1506 0.01535 0 0 0.1872 0.1659 
0.0272 0.02102 0.1506 0.01497 0 0 0.1866 0.1656 
0.0274 0.02075 0.1506 0.01461 0 0 0.186 0.1652 
0.0276 0.02049 0.1506 0.01425 0 0 0.1854 0.1649 
0.0278 0.02024 0.1507 0.01391 0 0 0.1848 0.1646 
0.028 0.01998 0.1507 0.01358 0 0 0.1842 0.1643 
0.0282 0.01974 0.1507 0.01326 0 0 0.1837 0.164 
0.0284 0.01949 0.1507 0.01295 0 0 0.1831 0.1637 
0.0286 0.01925 0.1507 0.01264 0 0 0.1826 0.1634 
0.0288 0.01902 0.1507 0.01235 0 0 0.1821 0.1631 
0.029 0.01879 0.1507 0.01207 0 0 0.1816 0.1628 
0.0292 0.01857 0.1507 0.01179 0 0 0.1811 0.1625 
0.0294 0.01834 0.1507 0.01152 0 0 0.1806 0.1623 
0.0296 0.01813 0.1508 0.01126 0 0 0.1801 0.162 
0.0298 0.01791 0.1508 0.01101 0 0 0.1797 0.1618 
0.03 0.0177 0.1508 0.01077 0 0 0.1792 0.1615 
0.0302 0.01749 0.1507 0.01053 0 0 0.1788 0.1613 
0.0304 0.01729 0.1507 0.0103 0 0 0.1783 0.161 
0.0306 0.01709 0.1507 0.01007 0 0 0.1779 0.1608 
0.0308 0.0169 0.1507 0.009852 0 0 0.1775 0.1606 
0.031 0.0167 0.1507 0.00964 0 0 0.1771 0.1604 
0.0312 0.01651 0.1507 0.009433 0 0 0.1767 0.1602 
0.0314 0.01633 0.1507 0.009232 0 0 0.1763 0.1599 
0.0316 0.01614 0.1507 0.009037 0 0 0.1759 0.1597 
0.0318 0.01596 0.1507 0.008847 0 0 0.1755 0.1595 
0.032 0.01579 0.1507 0.008662 0 0 0.1751 0.1593 
0.0322 0.01561 0.1507 0.008482 0 0 0.1747 0.1591 
0.0324 0.01544 0.1506 0.008307 0 0 0.1744 0.1589 
0.0326 0.01527 0.1506 0.008136 0 0 0.174 0.1588 
0.0328 0.0151 0.1506 0.00797 0 0 0.1737 0.1586 
0.033 0.01494 0.1506 0.007809 0 0 0.1733 0.1584 
0.0332 0.01478 0.1506 0.007651 0 0 0.173 0.1582 
0.0334 0.01462 0.1505 0.007498 0 0 0.1727 0.158 
0.0336 0.01447 0.1505 0.007349 0 0 0.1723 0.1579 
0.0338 0.01431 0.1505 0.007203 0 0 0.172 0.1577 
0.034 0.01416 0.1505 0.007061 0 0 0.1717 0.1575 
0.0342 0.01401 0.1504 0.006923 0 0 0.1714 0.1574 
0.0344 0.01387 0.1504 0.006788 0 0 0.1711 0.1572 
0.0346 0.01372 0.1504 0.006657 0 0 0.1708 0.157 
0.0348 0.01358 0.1504 0.006529 0 0 0.1705 0.1569 
0.035 0.01344 0.1503 0.006404 0 0 0.1702 0.1567 
0.0352 0.0133 0.1503 0.006282 0 0 0.1699 0.1566 
0.0354 0.01317 0.1503 0.006163 0 0 0.1696 0.1564 
0.0356 0.01303 0.1502 0.006047 0 0 0.1693 0.1563 
0.0358 0.0129 0.1502 0.005934 0 0 0.169 0.1561 
0.036 0.01277 0.1502 0.005824 0 0 0.1688 0.156 
0.0362 0.01264 0.1501 0.005716 0 0 0.1685 0.1559 
0.0364 0.01252 0.1501 0.00561 0 0 0.1682 0.1557 
0.0366 0.01239 0.1501 0.005508 0 0 0.168 0.1556 
0.0368 0.01227 0.15 0.005407 0 0 0.1677 0.1554 
0.037 0.01215 0.15 0.005309 0 0 0.1675 0.1553 
0.0372 0.01203 0.15 0.005214 0 0 0.1672 0.1552 
0.0374 0.01192 0.1499 0.00512 0 0 0.1669 0.155 
0.0376 0.0118 0.1499 0.005029 0 0 0.1667 0.1549 
0.0378 0.01169 0.1498 0.004939 0 0 0.1665 0.1548 
0.038 0.01158 0.1498 0.004852 0 0 0.1662 0.1546 
0.0382 0.01147 0.1497 0.004767 0 0 0.166 0.1545 
0.0384 0.01136 0.1497 0.004684 0 0 0.1657 0.1544 
0.0386 0.01125 0.1497 0.004602 0 0 0.1655 0.1543 
0.0388 0.01114 0.1496 0.004522 0 0 0.1653 0.1541 
0.039 0.01104 0.1496 0.004445 0 0 0.1651 0.154 
0.0392 0.01094 0.1495 0.004368 0 0 0.1648 0.1539 
0.0394 0.01083 0.1495 0.004294 0 0 0.1646 0.1538 
0.0396 0.01073 0.1494 0.004221 0 0 0.1644 0.1537 
0.0398 0.01064 0.1494 0.00415 0 0 0.1642 0.1535 
0.04 0.01054 0.1493 0.00408 0 0 0.164 0.1534 
0.0402 0.01044 0.1493 0.004012 0 0 0.1638 0.1533 
0.0404 0.01035 0.1493 0.003945 0 0 0.1635 0.1532 
0.0406 0.01025 0.1492 0.00388 0 0 0.1633 0.1531 
0.0408 0.01016 0.1492 0.003816 0 0 0.1631 0.153 
0.041 0.01007 0.1491 0.003753 0 0 0.1629 0.1529 
0.0412 0.00998 0.1491 0.003692 0 0 0.1627 0.1527 
0.0414 0.009891 0.149 0.003632 0 0 0.1625 0.1526 
0.0416 0.009803 0.149 0.003573 0 0 0.1623 0.1525 
0.0418 0.009717 0.1489 0.003516 0 0 0.1621 0.1524 
0.042 0.009632 0.1489 0.00346 0 0 0.1619 0.1523 
0.0422 0.009548 0.1488 0.003404 0 0 0.1618 0.1522 
0.0424 0.009464 0.1487 0.00335 0 0 0.1616 0.1521 
0.0426 0.009382 0.1487 0.003297 0 0 0.1614 0.152 
0.0428 0.009301 0.1486 0.003246 0 0 0.1612 0.1519 
0.043 0.009221 0.1486 0.003195 0 0 0.161 0.1518 
0.0432 0.009142 0.1485 0.003145 0 0 0.1608 0.1517 
0.0434 0.009064 0.1485 0.003096 0 0 0.1606 0.1516 
0.0436 0.008987 0.1484 0.003049 0 0 0.1605 0.1515 
0.0438 0.008911 0.1484 0.003002 0 0 0.1603 0.1514 
0.044 0.008836 0.1483 0.002956 0 0 0.1601 0.1513 
0.0442 0.008762 0.1483 0.002911 0 0 0.1599 0.1512 
0.0444 0.008689 0.1482 0.002867 0 0 0.1598 0.1511 
0.0446 0.008616 0.1481 0.002823 0 0 0.1596 0.151 
0.0448 0.008545 0.1481 0.002781 0 0 0.1594 0.1509 
0.045 0.008474 0.148 0.002739 0 0 0.1592 0.1508 
0.0452 0.008405 0.148 0.002699 0 0 0.1591 0.1507 
0.0454 0.008336 0.1479 0.002659 0 0 0.1589 0.1506 
0.0456 0.008268 0.1479 0.002619 0 0 0.1587 0.1505 
0.0458 0.0082 0.1478 0.002581 0 0 0.1586 0.1504 
0.046 0.008134 0.1477 0.002543 0 0 0.1584 0.1503 
0.0462 0.008068 0.1477 0.002506 0 0 0.1583 0.1502 
0.0464 0.008003 0.1476 0.00247 0 0 0.1581 0.1501 
0.0466 0.007939 0.1476 0.002434 0 0 0.1579 0.15 
0.0468 0.007876 0.1475 0.002399 0 0 0.1578 0.1499 
0.047 0.007813 0.1475 0.002365 0 0 0.1576 0.1498 
0.0472 0.007751 0.1474 0.002331 0 0 0.1575 0.1497 
0.0474 0.00769 0.1473 0.002298 0 0 0.1573 0.1496 
0.0476 0.00763 0.1473 0.002266 0 0 0.1572 0.1495 
0.0478 0.00757 0.1472 0.002234 0 0 0.157 0.1494 
0.048 0.007511 0.1472 0.002203 0 0 0.1569 0.1494 
0.0482 0.007453 0.1471 0.002172 0 0 0.1567 0.1493 
0.0484 0.007395 0.147 0.002142 0 0 0.1566 0.1492 
0.0486 0.007338 0.147 0.002112 0 0 0.1564 0.1491 
0.0488 0.007282 0.1469 0.002083 0 0 0.1563 0.149 
0.049 0.007226 0.1468 0.002054 0 0 0.1561 0.1489 
0.0492 0.007171 0.1468 0.002026 0 0 0.156 0.1488 
0.0494 0.007116 0.1467 0.001999 0 0 0.1558 0.1487 
0.0496 0.007062 0.1467 0.001972 0 0 0.1557 0.1486 
0.0498 0.007009 0.1466 0.001945 0 0 0.1556 0.1485 
0.05 0.006956 0.1465 0.001919 0 0 0.1554 0.1485 
0.0502 0.006904 0.1465 0.001893 0 0 0.1553 0.1484 
0.0504 0.006853 0.1464 0.001868 0 0 0.1551 0.1483 
0.0506 0.006802 0.1464 0.001844 0 0 0.155 0.1482 
0.0508 0.006751 0.1463 0.001819 0 0 0.1549 0.1481 
0.051 0.006701 0.1462 0.001795 0 0 0.1547 0.148 
0.0512 0.006652 0.1462 0.001772 0 0 0.1546 0.1479 
0.0514 0.006603 0.1461 0.001749 0 0 0.1545 0.1479 
0.0516 0.006555 0.146 0.001726 0 0 0.1543 0.1478 
0.0518 0.006507 0.146 0.001704 0 0 0.1542 0.1477 
0.052 0.00646 0.1459 0.001682 0 0 0.1541 0.1476 
0.0522 0.006413 0.1459 0.00166 0 0 0.1539 0.1475 
0.0524 0.006367 0.1458 0.001639 0 0 0.1538 0.1474 
0.0526 0.006321 0.1457 0.001618 0 0 0.1537 0.1473 
0.0528 0.006276 0.1457 0.001597 0 0 0.1535 0.1473 
0.053 0.006231 0.1456 0.001577 0 0 0.1534 0.1472 
0.0532 0.006187 0.1455 0.001557 0 0 0.1533 0.1471 
0.0534 0.006143 0.1455 0.001538 0 0 0.1532 0.147 
0.0536 0.0061 0.1454 0.001519 0 0 0.153 0.1469 
0.0538 0.006057 0.1453 0.0015 0 0 0.1529 0.1468 
0.054 0.006014 0.1453 0.001481 0 0 0.1528 0.1468 
0.0542 0.005972 0.1452 0.001463 0 0 0.1526 0.1467 
0.0544 0.005931 0.1452 0.001445 0 0 0.1525 0.1466 
0.0546 0.005889 0.1451 0.001427 0 0 0.1524 0.1465 
0.0548 0.005849 0.145 0.00141 0 0 0.1523 0.1464 
0.055 0.005808 0.145 0.001392 0 0 0.1522 0.1464 
0.0552 0.005768 0.1449 0.001376 0 0 0.152 0.1463 
0.0554 0.005729 0.1448 0.001359 0 0 0.1519 0.1462 
0.0556 0.00569 0.1448 0.001343 0 0 0.1518 0.1461 
0.0558 0.005651 0.1447 0.001326 0 0 0.1517 0.146 
0.056 0.005613 0.1446 0.001311 0 0 0.1516 0.1459 
0.0562 0.005575 0.1446 0.001295 0 0 0.1514 0.1459 
0.0564 0.005537 0.1445 0.00128 0 0 0.1513 0.1458 
0.0566 0.0055 0.1444 0.001264 0 0 0.1512 0.1457 
0.0568 0.005463 0.1444 0.00125 0 0 0.1511 0.1456 
0.057 0.005426 0.1443 0.001235 0 0 0.151 0.1455 
0.0572 0.00539 0.1442 0.00122 0 0 0.1509 0.1455 
0.0574 0.005355 0.1442 0.001206 0 0 0.1507 0.1454 
0.0576 0.005319 0.1441 0.001192 0 0 0.1506 0.1453 
0.0578 0.005284 0.1441 0.001178 0 0 0.1505 0.1452 
0.058 0.005249 0.144 0.001165 0 0 0.1504 0.1452 
0.0582 0.005215 0.1439 0.001151 0 0 0.1503 0.1451 
0.0584 0.005181 0.1439 0.001138 0 0 0.1502 0.145 
0.0586 0.005147 0.1438 0.001125 0 0 0.1501 0.1449 
0.0588 0.005114 0.1437 0.001112 0 0 0.15 0.1448 
0.059 0.005081 0.1437 0.0011 0 0 0.1498 0.1448 
0.0592 0.005048 0.1436 0.001087 0 0 0.1497 0.1447 
0.0594 0.005016 0.1435 0.001075 0 0 0.1496 0.1446 
0.0596 0.004983 0.1435 0.001063 0 0 0.1495 0.1445 
0.0598 0.004952 0.1434 0.001051 0 0 0.1494 0.1444 
0.06 0.00492 0.1433 0.001039 0 0 0.1493 0.1444 
0.0602 0.004889 0.1433 0.001028 0 0 0.1492 0.1443 
0.0604 0.004858 0.1432 0.001016 0 0 0.1491 0.1442 
0.0606 0.004827 0.1431 0.001005 0 0 0.149 0.1441 
0.0608 0.004797 0.1431 0.0009938 0 0 0.1489 0.1441 
0.061 0.004767 0.143 0.0009828 0 0 0.1488 0.144 
0.0612 0.004737 0.1429 0.000972 0 0 0.1487 0.1439 
0.0614 0.004708 0.1429 0.0009614 0 0 0.1485 0.1438 
0.0616 0.004678 0.1428 0.0009509 0 0 0.1484 0.1438 
0.0618 0.004649 0.1427 0.0009406 0 0 0.1483 0.1437 
0.062 0.004621 0.1427 0.0009304 0 0 0.1482 0.1436 
0.0622 0.004592 0.1426 0.0009204 0 0 0.1481 0.1435 
0.0624 0.004564 0.1425 0.0009105 0 0 0.148 0.1435 
0.0626 0.004536 0.1425 0.0009007 0 0 0.1479 0.1434 
0.0628 0.004508 0.1424 0.0008911 0 0 0.1478 0.1433 
0.063 0.004481 0.1424 0.0008816 0 0 0.1477 0.1432 
0.0632 0.004454 0.1423 0.0008722 0 0 0.1476 0.1432 
0.0634 0.004427 0.1422 0.0008629 0 0 0.1475 0.1431 
0.0636 0.0044 0.1422 0.0008538 0 0 0.1474 0.143 
0.0638 0.004374 0.1421 0.0008448 0 0 0.1473 0.1429 
0.064 0.004347 0.142 0.000836 0 0 0.1472 0.1429 
0.0642 0.004321 0.142 0.0008272 0 0 0.1471 0.1428 
0.0644 0.004296 0.1419 0.0008186 0 0 0.147 0.1427 
0.0646 0.00427 0.1418 0.0008101 0 0 0.1469 0.1426 
0.0648 0.004245 0.1418 0.0008017 0 0 0.1468 0.1426 
0.065 0.00422 0.1417 0.0007934 0 0 0.1467 0.1425 
0.0652 0.004195 0.1416 0.0007852 0 0 0.1466 0.1424 
0.0654 0.00417 0.1416 0.0007771 0 0 0.1465 0.1423 
0.0656 0.004146 0.1415 0.0007691 0 0 0.1464 0.1423 
0.0658 0.004121 0.1414 0.0007613 0 0 0.1463 0.1422 
0.066 0.004097 0.1414 0.0007535 0 0 0.1462 0.1421 
0.0662 0.004074 0.1413 0.0007459 0 0 0.1461 0.1421 
0.0664 0.00405 0.1412 0.0007383 0 0 0.146 0.142 
0.0666 0.004027 0.1412 0.0007309 0 0 0.1459 0.1419 
0.0668 0.004003 0.1411 0.0007235 0 0 0.1458 0.1418 
0.067 0.00398 0.141 0.0007162 0 0 0.1457 0.1418 
0.0672 0.003958 0.141 0.0007091 0 0 0.1456 0.1417 
0.0674 0.003935 0.1409 0.000702 0 0 0.1456 0.1416 
0.0676 0.003913 0.1408 0.000695 0 0 0.1455 0.1415 
0.0678 0.00389 0.1408 0.0006881 0 0 0.1454 0.1415 
0.068 0.003868 0.1407 0.0006813 0 0 0.1453 0.1414 
0.0682 0.003846 0.1407 0.0006746 0 0 0.1452 0.1413 
0.0684 0.003825 0.1406 0.0006679 0 0 0.1451 0.1413 
0.0686 0.003803 0.1405 0.0006614 0 0 0.145 0.1412 
0.0688 0.003782 0.1405 0.0006549 0 0 0.1449 0.1411 
0.069 0.003761 0.1404 0.0006485 0 0 0.1448 0.141 
0.0692 0.00374 0.1403 0.0006422 0 0 0.1447 0.141 
0.0694 0.003719 0.1403 0.000636 0 0 0.1446 0.1409 
0.0696 0.003698 0.1402 0.0006298 0 0 0.1445 0.1408 
0.0698 0.003678 0.1401 0.0006238 0 0 0.1444 0.1408 
0.07 0.003658 0.1401 0.0006178 0 0 0.1443 0.1407 
0.0702 0.003637 0.14 0.0006119 0 0 0.1443 0.1406 
0.0704 0.003618 0.1399 0.000606 0 0 0.1442 0.1405 
0.0706 0.003598 0.1399 0.0006002 0 0 0.1441 0.1405 
0.0708 0.003578 0.1398 0.0005945 0 0 0.144 0.1404 
0.071 0.003559 0.1397 0.0005889 0 0 0.1439 0.1403 
0.0712 0.003539 0.1397 0.0005833 0 0 0.1438 0.1403 
0.0714 0.00352 0.1396 0.0005778 0 0 0.1437 0.1402 
0.0716 0.003501 0.1395 0.0005724 0 0 0.1436 0.1401 
0.0718 0.003482 0.1395 0.000567 0 0 0.1435 0.14 
0.072 0.003464 0.1394 0.0005617 0 0 0.1434 0.14 
0.0722 0.003445 0.1394 0.0005565 0 0 0.1434 0.1399 
0.0724 0.003427 0.1393 0.0005513 0 0 0.1433 0.1398 
0.0726 0.003408 0.1392 0.0005462 0 0 0.1432 0.1398 
0.0728 0.00339 0.1392 0.0005411 0 0 0.1431 0.1397 
0.073 0.003372 0.1391 0.0005362 0 0 0.143 0.1396 
0.0732 0.003354 0.139 0.0005312 0 0 0.1429 0.1396 
0.0734 0.003337 0.139 0.0005264 0 0 0.1428 0.1395 
0.0736 0.003319 0.1389 0.0005215 0 0 0.1427 0.1394 
0.0738 0.003302 0.1388 0.0005168 0 0 0.1427 0.1394 
0.074 0.003284 0.1388 0.0005121 0 0 0.1426 0.1393 
0.0742 0.003267 0.1387 0.0005074 0 0 0.1425 0.1392 
0.0744 0.00325 0.1386 0.0005029 0 0 0.1424 0.1391 
0.0746 0.003233 0.1386 0.0004983 0 0 0.1423 0.1391 
0.0748 0.003217 0.1385 0.0004938 0 0 0.1422 0.139 
0.075 0.0032 0.1384 0.0004894 0 0 0.1421 0.1389 
0.0752 0.003183 0.1384 0.000485 0 0 0.1421 0.1389 
0.0754 0.003167 0.1383 0.0004807 0 0 0.142 0.1388 
0.0756 0.003151 0.1383 0.0004764 0 0 0.1419 0.1387 
0.0758 0.003135 0.1382 0.0004722 0 0 0.1418 0.1387 
0.076 0.003119 0.1381 0.000468 0 0 0.1417 0.1386 
0.0762 0.003103 0.1381 0.0004639 0 0 0.1416 0.1385 
0.0764 0.003087 0.138 0.0004598 0 0 0.1415 0.1385 
0.0766 0.003071 0.1379 0.0004558 0 0 0.1415 0.1384 
0.0768 0.003056 0.1379 0.0004518 0 0 0.1414 0.1383 
0.077 0.003041 0.1378 0.0004478 0 0 0.1413 0.1383 
0.0772 0.003025 0.1377 0.0004439 0 0 0.1412 0.1382 
0.0774 0.00301 0.1377 0.0004401 0 0 0.1411 0.1381 
0.0776 0.002995 0.1376 0.0004362 0 0 0.141 0.1381 
0.0778 0.00298 0.1376 0.0004325 0 0 0.141 0.138 
0.078 0.002965 0.1375 0.0004287 0 0 0.1409 0.1379 
0.0782 0.00295 0.1374 0.000425 0 0 0.1408 0.1378 
0.0784 0.002936 0.1374 0.0004214 0 0 0.1407 0.1378 
0.0786 0.002921 0.1373 0.0004178 0 0 0.1406 0.1377 
0.0788 0.002907 0.1372 0.0004142 0 0 0.1406 0.1376 
0.079 0.002893 0.1372 0.0004107 0 0 0.1405 0.1376 
0.0792 0.002878 0.1371 0.0004072 0 0 0.1404 0.1375 
0.0794 0.002864 0.137 0.0004038 0 0 0.1403 0.1374 
0.0796 0.00285 0.137 0.0004004 0 0 0.1402 0.1374 
0.0798 0.002836 0.1369 0.000397 0 0 0.1401 0.1373 
0.08 0.002823 0.1369 0.0003936 0 0 0.1401 0.1372 
0.0802 0.002809 0.1368 0.0003903 0 0 0.14 0.1372 
0.0804 0.002795 0.1367 0.0003871 0 0 0.1399 0.1371 
0.0806 0.002782 0.1367 0.0003839 0 0 0.1398 0.137 
0.0808 0.002768 0.1366 0.0003807 0 0 0.1397 0.137 
0.081 0.002755 0.1365 0.0003775 0 0 0.1397 0.1369 
0.0812 0.002742 0.1365 0.0003744 0 0 0.1396 0.1368 
0.0814 0.002729 0.1364 0.0003713 0 0 0.1395 0.1368 
0.0816 0.002716 0.1363 0.0003682 0 0 0.1394 0.1367 
0.0818 0.002703 0.1363 0.0003652 0 0 0.1394 0.1366 
0.082 0.00269 0.1362 0.0003622 0 0 0.1393 0.1366 
0.0822 0.002677 0.1362 0.0003593 0 0 0.1392 0.1365 
0.0824 0.002665 0.1361 0.0003563 0 0 0.1391 0.1365 
0.0826 0.002652 0.136 0.0003534 0 0 0.139 0.1364 
0.0828 0.002639 0.136 0.0003506 0 0 0.139 0.1363 
0.083 0.002627 0.1359 0.0003477 0 0 0.1389 0.1363 
0.0832 0.002615 0.1358 0.0003449 0 0 0.1388 0.1362 
0.0834 0.002603 0.1358 0.0003421 0 0 0.1387 0.1361 
0.0836 0.00259 0.1357 0.0003394 0 0 0.1386 0.1361 
0.0838 0.002578 0.1357 0.0003367 0 0 0.1386 0.136 
0.084 0.002566 0.1356 0.000334 0 0 0.1385 0.1359 
0.0842 0.002554 0.1355 0.0003313 0 0 0.1384 0.1359 
0.0844 0.002543 0.1355 0.0003287 0 0 0.1383 0.1358 
0.0846 0.002531 0.1354 0.0003261 0 0 0.1383 0.1357 
0.0848 0.002519 0.1353 0.0003235 0 0 0.1382 0.1357 
0.085 0.002508 0.1353 0.0003209 0 0 0.1381 0.1356 
0.0852 0.002496 0.1352 0.0003184 0 0 0.138 0.1355 
0.0854 0.002485 0.1352 0.0003159 0 0 0.138 0.1355 
0.0856 0.002473 0.1351 0.0003134 0 0 0.1379 0.1354 
0.0858 0.002462 0.135 0.000311 0 0 0.1378 0.1353 
0.086 0.002451 0.135 0.0003085 0 0 0.1377 0.1353 
0.0862 0.00244 0.1349 0.0003061 0 0 0.1377 0.1352 
0.0864 0.002429 0.1348 0.0003038 0 0 0.1376 0.1352 
0.0866 0.002418 0.1348 0.0003014 0 0 0.1375 0.1351 
0.0868 0.002407 0.1347 0.0002991 0 0 0.1374 0.135 
0.087 0.002396 0.1347 0.0002968 0 0 0.1374 0.135 
0.0872 0.002386 0.1346 0.0002945 0 0 0.1373 0.1349 
0.0874 0.002375 0.1345 0.0002922 0 0 0.1372 0.1348 
0.0876 0.002364 0.1345 0.00029 0 0 0.1371 0.1348 
0.0878 0.002354 0.1344 0.0002878 0 0 0.1371 0.1347 
0.088 0.002343 0.1344 0.0002856 0 0 0.137 0.1346 
0.0882 0.002333 0.1343 0.0002834 0 0 0.1369 0.1346 
0.0884 0.002323 0.1342 0.0002813 0 0 0.1368 0.1345 
0.0886 0.002312 0.1342 0.0002791 0 0 0.1368 0.1344 
0.0888 0.002302 0.1341 0.000277 0 0 0.1367 0.1344 
0.089 0.002292 0.134 0.0002749 0 0 0.1366 0.1343 
0.0892 0.002282 0.134 0.0002729 0 0 0.1365 0.1343 
0.0894 0.002272 0.1339 0.0002708 0 0 0.1365 0.1342 
0.0896 0.002262 0.1339 0.0002688 0 0 0.1364 0.1341 
0.0898 0.002252 0.1338 0.0002668 0 0 0.1363 0.1341 
0.09 0.002242 0.1337 0.0002648 0 0 0.1362 0.134 
0.0902 0.002233 0.1337 0.0002628 0 0 0.1362 0.1339 
0.0904 0.002223 0.1336 0.0002609 0 0 0.1361 0.1339 
0.0906 0.002213 0.1336 0.0002589 0 0 0.136 0.1338 
0.0908 0.002204 0.1335 0.000257 0 0 0.136 0.1338 
0.091 0.002194 0.1334 0.0002551 0 0 0.1359 0.1337 
0.0912 0.002185 0.1334 0.0002533 0 0 0.1358 0.1336 
0.0914 0.002176 0.1333 0.0002514 0 0 0.1357 0.1336 
0.0916 0.002166 0.1333 0.0002496 0 0 0.1357 0.1335 
0.0918 0.002157 0.1332 0.0002477 0 0 0.1356 0.1334 
0.092 0.002148 0.1331 0.0002459 0 0 0.1355 0.1334 
0.0922 0.002139 0.1331 0.0002441 0 0 0.1355 0.1333 
0.0924 0.00213 0.133 0.0002424 0 0 0.1354 0.1333 
0.0926 0.002121 0.133 0.0002406 0 0 0.1353 0.1332 
0.0928 0.002112 0.1329 0.0002389 0 0 0.1352 0.1331 
0.093 0.002103 0.1328 0.0002372 0 0 0.1352 0.1331 
0.0932 0.002094 0.1328 0.0002355 0 0 0.1351 0.133 
0.0934 0.002085 0.1327 0.0002338 0 0 0.135 0.1329 
0.0936 0.002076 0.1327 0.0002321 0 0 0.135 0.1329 
0.0938 0.002068 0.1326 0.0002304 0 0 0.1349 0.1328 
0.094 0.002059 0.1325 0.0002288 0 0 0.1348 0.1328 
0.0942 0.002051 0.1325 0.0002272 0 0 0.1348 0.1327 
0.0944 0.002042 0.1324 0.0002256 0 0 0.1347 0.1326 
0.0946 0.002034 0.1324 0.000224 0 0 0.1346 0.1326 
0.0948 0.002025 0.1323 0.0002224 0 0 0.1345 0.1325 
0.095 0.002017 0.1322 0.0002208 0 0 0.1345 0.1325 
0.0952 0.002009 0.1322 0.0002193 0 0 0.1344 0.1324 
0.0954 0.002 0.1321 0.0002177 0 0 0.1343 0.1323 
0.0956 0.001992 0.1321 0.0002162 0 0 0.1343 0.1323 
0.0958 0.001984 0.132 0.0002147 0 0 0.1342 0.1322 
0.096 0.001976 0.1319 0.0002132 0 0 0.1341 0.1322 
0.0962 0.001968 0.1319 0.0002117 0 0 0.1341 0.1321 
0.0964 0.00196 0.1318 0.0002102 0 0 0.134 0.132 
0.0966 0.001952 0.1318 0.0002088 0 0 0.1339 0.132 
0.0968 0.001944 0.1317 0.0002073 0 0 0.1339 0.1319 
0.097 0.001936 0.1316 0.0002059 0 0 0.1338 0.1319 
0.0972 0.001928 0.1316 0.0002045 0 0 0.1337 0.1318 
0.0974 0.00192 0.1315 0.0002031 0 0 0.1337 0.1317 
0.0976 0.001913 0.1315 0.0002017 0 0 0.1336 0.1317 
0.0978 0.001905 0.1314 0.0002003 0 0 0.1335 0.1316 
0.098 0.001897 0.1314 0.0001989 0 0 0.1334 0.1316 
0.0982 0.00189 0.1313 0.0001976 0 0 0.1334 0.1315 
0.0984 0.001882 0.1312 0.0001962 0 0 0.1333 0.1314 
0.0986 0.001875 0.1312 0.0001949 0 0 0.1332 0.1314 
0.0988 0.001867 0.1311 0.0001936 0 0 0.1332 0.1313 
0.099 0.00186 0.1311 0.0001923 0 0 0.1331 0.1313 
0.0992 0.001853 0.131 0.000191 0 0 0.133 0.1312 
0.0994 0.001845 0.1309 0.0001897 0 0 0.133 0.1311 
0.0996 0.001838 0.1309 0.0001884 0 0 0.1329 0.1311 
0.0998 0.001831 0.1308 0.0001872 0 0 0.1328 0.131 
0.1 0.001824 0.1308 0.0001859 0 0 0.1328 0.131 
0.1002 0.001816 0.1307 0.0001847 0 0 0.1327 0.1309 
0.1004 0.001809 0.1307 0.0001834 0 0 0.1326 0.1308 
0.1006 0.001802 0.1306 0.0001822 0 0 0.1326 0.1308 
0.1008 0.001795 0.1305 0.000181 0 0 0.1325 0.1307 
0.101 0.001788 0.1305 0.0001798 0 0 0.1325 0.1307 
0.1012 0.001781 0.1304 0.0001786 0 0 0.1324 0.1306 
0.1014 0.001774 0.1304 0.0001774 0 0 0.1323 0.1305 
0.1016 0.001768 0.1303 0.0001763 0 0 0.1323 0.1305 
0.1018 0.001761 0.1303 0.0001751 0 0 0.1322 0.1304 
0.102 0.001754 0.1302 0.000174 0 0 0.1321 0.1304 
0.1022 0.001747 0.1301 0.0001728 0 0 0.1321 0.1303 
0.1024 0.00174 0.1301 0.0001717 0 0 0.132 0.1303 
0.1026 0.001734 0.13 0.0001706 0 0 0.1319 0.1302 
0.1028 0.001727 0.13 0.0001695 0 0 0.1319 0.1301 
0.103 0.001721 0.1299 0.0001684 0 0 0.1318 0.1301 
0.1032 0.001714 0.1299 0.0001673 0 0 0.1317 0.13 
0.1034 0.001708 0.1298 0.0001662 0 0 0.1317 0.13 
0.1036 0.001701 0.1297 0.0001651 0 0 0.1316 0.1299 
0.1038 0.001695 0.1297 0.0001641 0 0 0.1315 0.1298 
0.104 0.001688 0.1296 0.000163 0 0 0.1315 0.1298 
0.1042 0.001682 0.1296 0.000162 0 0 0.1314 0.1297 
0.1044 0.001675 0.1295 0.0001609 0 0 0.1313 0.1297 
0.1046 0.001669 0.1295 0.0001599 0 0 0.1313 0.1296 
0.1048 0.001663 0.1294 0.0001589 0 0 0.1312 0.1296 
0.105 0.001657 0.1293 0.0001579 0 0 0.1312 0.1295 
0.1052 0.001651 0.1293 0.0001569 0 0 0.1311 0.1294 
0.1054 0.001644 0.1292 0.0001559 0 0 0.131 0.1294 
0.1056 0.001638 0.1292 0.0001549 0 0 0.131 0.1293 
0.1058 0.001632 0.1291 0.0001539 0 0 0.1309 0.1293 
0.106 0.001626 0.1291 0.0001529 0 0 0.1308 0.1292 
0.1062 0.00162 0.129 0.000152 0 0 0.1308 0.1292 
0.1064 0.001614 0.129 0.000151 0 0 0.1307 0.1291 
0.1066 0.001608 0.1289 0.0001501 0 0 0.1307 0.129 
0.1068 0.001602 0.1288 0.0001491 0 0 0.1306 0.129 
0.107 0.001596 0.1288 0.0001482 0 0 0.1305 0.1289 
0.1072 0.00159 0.1287 0.0001473 0 0 0.1305 0.1289 
0.1074 0.001585 0.1287 0.0001464 0 0 0.1304 0.1288 
0.1076 0.001579 0.1286 0.0001454 0 0 0.1303 0.1288 
0.1078 0.001573 0.1286 0.0001445 0 0 0.1303 0.1287 
0.108 0.001567 0.1285 0.0001437 0 0 0.1302 0.1287 
0.1082 0.001562 0.1285 0.0001428 0 0 0.1302 0.1286 
0.1084 0.001556 0.1284 0.0001419 0 0 0.1301 0.1285 
0.1086 0.00155 0.1283 0.000141 0 0 0.13 0.1285 
0.1088 0.001545 0.1283 0.0001401 0 0 0.13 0.1284 
0.109 0.001539 0.1282 0.0001393 0 0 0.1299 0.1284 
0.1092 0.001534 0.1282 0.0001384 0 0 0.1298 0.1283 
0.1094 0.001528 0.1281 0.0001376 0 0 0.1298 0.1283 
0.1096 0.001523 0.1281 0.0001368 0 0 0.1297 0.1282 
0.1098 0.001517 0.128 0.0001359 0 0 0.1297 0.1281 
0.11 0.001512 0.128 0.0001351 0 0 0.1296 0.1281 
0.1102 0.001506 0.1279 0.0001343 0 0 0.1295 0.128 
0.1104 0.001501 0.1278 0.0001335 0 0 0.1295 0.128 
0.1106 0.001496 0.1278 0.0001327 0 0 0.1294 0.1279 
0.1108 0.00149 0.1277 0.0001319 0 0 0.1294 0.1279 
0.111 0.001485 0.1277 0.0001311 0 0 0.1293 0.1278 
0.1112 0.00148 0.1276 0.0001303 0 0 0.1292 0.1278 
0.1114 0.001474 0.1276 0.0001295 0 0 0.1292 0.1277 
0.1116 0.001469 0.1275 0.0001287 0 0 0.1291 0.1276 
0.1118 0.001464 0.1275 0.000128 0 0 0.1291 0.1276 
0.112 0.001459 0.1274 0.0001272 0 0 0.129 0.1275 
0.1122 0.001454 0.1274 0.0001264 0 0 0.1289 0.1275 
0.1124 0.001449 0.1273 0.0001257 0 0 0.1289 0.1274 
0.1126 0.001444 0.1272 0.0001249 0 0 0.1288 0.1274 
0.1128 0.001439 0.1272 0.0001242 0 0 0.1288 0.1273 
0.113 0.001434 0.1271 0.0001235 0 0 0.1287 0.1273 
0.1132 0.001429 0.1271 0.0001227 0 0 0.1286 0.1272 
0.1134 0.001424 0.127 0.000122 0 0 0.1286 0.1272 
0.1136 0.001419 0.127 0.0001213 0 0 0.1285 0.1271 
0.1138 0.001414 0.1269 0.0001206 0 0 0.1285 0.127 
0.114 0.001409 0.1269 0.0001199 0 0 0.1284 0.127 
0.1142 0.001404 0.1268 0.0001192 0 0 0.1283 0.1269 
0.1144 0.001399 0.1268 0.0001185 0 0 0.1283 0.1269 
0.1146 0.001394 0.1267 0.0001178 0 0 0.1282 0.1268 
0.1148 0.00139 0.1267 0.0001171 0 0 0.1282 0.1268 
0.115 0.001385 0.1266 0.0001164 0 0 0.1281 0.1267 
0.1152 0.00138 0.1266 0.0001158 0 0 0.128 0.1267 
0.1154 0.001375 0.1265 0.0001151 0 0 0.128 0.1266 
0.1156 0.001371 0.1264 0.0001144 0 0 0.1279 0.1266 
0.1158 0.001366 0.1264 0.0001138 0 0 0.1279 0.1265 
0.116 0.001361 0.1263 0.0001131 0 0 0.1278 0.1265 
0.1162 0.001357 0.1263 0.0001125 0 0 0.1278 0.1264 
0.1164 0.001352 0.1262 0.0001118 0 0 0.1277 0.1263 
0.1166 0.001348 0.1262 0.0001112 0 0 0.1276 0.1263 
0.1168 0.001343 0.1261 0.0001106 0 0 0.1276 0.1262 
0.117 0.001338 0.1261 0.0001099 0 0 0.1275 0.1262 
0.1172 0.001334 0.126 0.0001093 0 0 0.1275 0.1261 
0.1174 0.001329 0.126 0.0001087 0 0 0.1274 0.1261 
0.1176 0.001325 0.1259 0.0001081 0 0 0.1274 0.126 
0.1178 0.001321 0.1259 0.0001075 0 0 0.1273 0.126 
0.118 0.001316 0.1258 0.0001069 0 0 0.1272 0.1259 
0.1182 0.001312 0.1258 0.0001063 0 0 0.1272 0.1259 
0.1184 0.001307 0.1257 0.0001057 0 0 0.1271 0.1258 
0.1186 0.001303 0.1257 0.0001051 0 0 0.1271 0.1258 
0.1188 0.001299 0.1256 0.0001045 0 0 0.127 0.1257 
0.119 0.001294 0.1256 0.0001039 0 0 0.127 0.1257 
0.1192 0.00129 0.1255 0.0001033 0 0 0.1269 0.1256 
0.1194 0.001286 0.1254 0.0001027 0 0 0.1268 0.1256 
0.1196 0.001282 0.1254 0.0001022 0 0 0.1268 0.1255 
0.1198 0.001277 0.1253 0.0001016 0 0 0.1267 0.1254 
0.12 0.001273 0.1253 0.000101 0 0 0.1267 0.1254 
0.1202 0.001269 0.1252 0.0001005 0 0 0.1266 0.1253 
0.1204 0.001265 0.1252 9.992E-05 0 0 0.1266 0.1253 
0.1206 0.001261 0.1251 9.936E-05 0 0 0.1265 0.1252 
0.1208 0.001257 0.1251 9.882E-05 0 0 0.1264 0.1252 
0.121 0.001253 0.125 9.827E-05 0 0 0.1264 0.1251 
0.1212 0.001248 0.125 9.773E-05 0 0 0.1263 0.1251 
0.1214 0.001244 0.1249 9.72E-05 0 0 0.1263 0.125 
0.1216 0.00124 0.1249 9.667E-05 0 0 0.1262 0.125 
0.1218 0.001236 0.1248 9.614E-05 0 0 0.1262 0.1249 
0.122 0.001232 0.1248 9.561E-05 0 0 0.1261 0.1249 
0.1222 0.001228 0.1247 9.509E-05 0 0 0.1261 0.1248 
0.1224 0.001224 0.1247 9.458E-05 0 0 0.126 0.1248 
0.1226 0.00122 0.1246 9.406E-05 0 0 0.1259 0.1247 
0.1228 0.001216 0.1246 9.355E-05 0 0 0.1259 0.1247 
0.123 0.001213 0.1245 9.305E-05 0 0 0.1258 0.1246 
0.1232 0.001209 0.1245 9.255E-05 0 0 0.1258 0.1246 
0.1234 0.001205 0.1244 9.205E-05 0 0 0.1257 0.1245 
0.1236 0.001201 0.1244 9.155E-05 0 0 0.1257 0.1245 
0.1238 0.001197 0.1243 9.106E-05 0 0 0.1256 0.1244 
0.124 0.001193 0.1243 9.057E-05 0 0 0.1256 0.1244 
0.1242 0.00119 0.1242 9.009E-05 0 0 0.1255 0.1243 
0.1244 0.001186 0.1242 8.961E-05 0 0 0.1254 0.1243 
0.1246 0.001182 0.1241 8.913E-05 0 0 0.1254 0.1242 
0.1248 0.001178 0.1241 8.865E-05 0 0 0.1253 0.1242 
0.125 0.001175 0.124 8.818E-05 0 0 0.1253 0.1241 
0.1252 0.001171 0.124 8.771E-05 0 0 0.1252 0.1241 
0.1254 0.001167 0.1239 8.725E-05 0 0 0.1252 0.124 
0.1256 0.001163 0.1239 8.679E-05 0 0 0.1251 0.124 
0.1258 0.00116 0.1238 8.633E-05 0 0 0.1251 0.1239 
0.126 0.001156 0.1238 8.587E-05 0 0 0.125 0.1239 
0.1262 0.001153 0.1237 8.542E-05 0 0 0.125 0.1238 
0.1264 0.001149 0.1237 8.497E-05 0 0 0.1249 0.1238 
0.1266 0.001145 0.1236 8.453E-05 0 0 0.1248 0.1237 
0.1268 0.001142 0.1236 8.408E-05 0 0 0.1248 0.1237 
0.127 0.001138 0.1235 8.364E-05 0 0 0.1247 0.1236 
0.1272 0.001135 0.1235 8.321E-05 0 0 0.1247 0.1236 
0.1274 0.001131 0.1234 8.277E-05 0 0 0.1246 0.1235 
0.1276 0.001128 0.1234 8.234E-05 0 0 0.1246 0.1235 
0.1278 0.001124 0.1233 8.192E-05 0 0 0.1245 0.1234 
0.128 0.001121 0.1233 8.149E-05 0 0 0.1245 0.1234 
0.1282 0.001117 0.1232 8.107E-05 0 0 0.1244 0.1233 
0.1284 0.001114 0.1232 8.065E-05 0 0 0.1244 0.1233 
0.1286 0.00111 0.1231 8.023E-05 0 0 0.1243 0.1232 
0.1288 0.001107 0.1231 7.982E-05 0 0 0.1243 0.1232 
0.129 0.001104 0.123 7.941E-05 0 0 0.1242 0.1231 
0.1292 0.0011 0.123 7.9E-05 0 0 0.1242 0.1231 
0.1294 0.001097 0.1229 7.86E-05 0 0 0.1241 0.123 
0.1296 0.001094 0.1229 7.819E-05 0 0 0.124 0.123 
0.1298 0.00109 0.1228 7.779E-05 0 0 0.124 0.1229 
0.13 0.001087 0.1228 7.74E-05 0 0 0.1239 0.1229 
0.1302 0.001084 0.1227 7.7E-05 0 0 0.1239 0.1228 
0.1304 0.00108 0.1227 7.661E-05 0 0 0.1238 0.1228 
0.1306 0.001077 0.1226 7.622E-05 0 0 0.1238 0.1227 
0.1308 0.001074 0.1226 7.583E-05 0 0 0.1237 0.1227 
0.131 0.001071 0.1225 7.545E-05 0 0 0.1237 0.1226 
0.1312 0.001067 0.1225 7.507E-05 0 0 0.1236 0.1226 
0.1314 0.001064 0.1224 7.469E-05 0 0 0.1236 0.1225 
0.1316 0.001061 0.1224 7.431E-05 0 0 0.1235 0.1225 
0.1318 0.001058 0.1223 7.394E-05 0 0 0.1235 0.1224 
0.132 0.001055 0.1223 7.357E-05 0 0 0.1234 0.1224 
0.1322 0.001051 0.1222 7.32E-05 0 0 0.1234 0.1223 
0.1324 0.001048 0.1222 7.283E-05 0 0 0.1233 0.1223 
0.1326 0.001045 0.1221 7.247E-05 0 0 0.1233 0.1222 
0.1328 0.001042 0.1221 7.211E-05 0 0 0.1232 0.1222 
0.133 0.001039 0.122 7.175E-05 0 0 0.1232 0.1221 
0.1332 0.001036 0.122 7.139E-05 0 0 0.1231 0.1221 
0.1334 0.001033 0.122 7.104E-05 0 0 0.1231 0.122 
0.1336 0.00103 0.1219 7.068E-05 0 0 0.123 0.122 
0.1338 0.001027 0.1219 7.033E-05 0 0 0.123 0.1219 
0.134 0.001024 0.1218 6.999E-05 0 0 0.1229 0.1219 
0.1342 0.001021 0.1218 6.964E-05 0 0 0.1229 0.1218 
0.1344 0.001018 0.1217 6.93E-05 0 0 0.1228 0.1218 
0.1346 0.001015 0.1217 6.896E-05 0 0 0.1227 0.1217 
0.1348 0.001012 0.1216 6.862E-05 0 0 0.1227 0.1217 
0.135 0.001009 0.1216 6.828E-05 0 0 0.1226 0.1216 
0.1352 0.001006 0.1215 6.794E-05 0 0 0.1226 0.1216 
0.1354 0.001003 0.1215 6.761E-05 0 0 0.1225 0.1215 
0.1356 0.0009998 0.1214 6.728E-05 0 0 0.1225 0.1215 
0.1358 0.0009969 0.1214 6.695E-05 0 0 0.1224 0.1214 
0.136 0.000994 0.1213 6.663E-05 0 0 0.1224 0.1214 
0.1362 0.0009911 0.1213 6.63E-05 0 0 0.1223 0.1214 
0.1364 0.0009883 0.1212 6.598E-05 0 0 0.1223 0.1213 
0.1366 0.0009854 0.1212 6.566E-05 0 0 0.1222 0.1213 
0.1368 0.0009825 0.1211 6.534E-05 0 0 0.1222 0.1212 
0.137 0.0009797 0.1211 6.503E-05 0 0 0.1221 0.1212 
0.1372 0.0009769 0.121 6.472E-05 0 0 0.1221 0.1211 
0.1374 0.0009741 0.121 6.44E-05 0 0 0.122 0.1211 
0.1376 0.0009713 0.121 6.409E-05 0 0 0.122 0.121 
0.1378 0.0009685 0.1209 6.379E-05 0 0 0.1219 0.121 
0.138 0.0009657 0.1209 6.348E-05 0 0 0.1219 0.1209 
0.1382 0.0009629 0.1208 6.318E-05 0 0 0.1218 0.1209 
0.1384 0.0009602 0.1208 6.287E-05 0 0 0.1218 0.1208 
0.1386 0.0009574 0.1207 6.257E-05 0 0 0.1217 0.1208 
0.1388 0.0009547 0.1207 6.228E-05 0 0 0.1217 0.1207 
0.139 0.000952 0.1206 6.198E-05 0 0 0.1216 0.1207 
0.1392 0.0009493 0.1206 6.168E-05 0 0 0.1216 0.1206 
0.1394 0.0009466 0.1205 6.139E-05 0 0 0.1215 0.1206 
0.1396 0.0009439 0.1205 6.11E-05 0 0 0.1215 0.1205 
0.1398 0.0009412 0.1204 6.081E-05 0 0 0.1214 0.1205 
0.14 0.0009386 0.1204 6.052E-05 0 0 0.1214 0.1205 
0.1402 0.0009359 0.1203 6.024E-05 0 0 0.1213 0.1204 
0.1404 0.0009333 0.1203 5.995E-05 0 0 0.1213 0.1204 
0.1406 0.0009306 0.1203 5.967E-05 0 0 0.1212 0.1203 
0.1408 0.000928 0.1202 5.939E-05 0 0 0.1212 0.1203 
0.141 0.0009254 0.1202 5.911E-05 0 0 0.1211 0.1202 
0.1412 0.0009228 0.1201 5.884E-05 0 0 0.1211 0.1202 
0.1414 0.0009202 0.1201 5.856E-05 0 0 0.1211 0.1201 
0.1416 0.0009177 0.12 5.829E-05 0 0 0.121 0.1201 
0.1418 0.0009151 0.12 5.802E-05 0 0 0.121 0.12 
0.142 0.0009125 0.1199 5.775E-05 0 0 0.1209 0.12 
0.1422 0.00091 0.1199 5.748E-05 0 0 0.1209 0.1199 
0.1424 0.0009075 0.1198 5.721E-05 0 0 0.1208 0.1199 
0.1426 0.0009049 0.1198 5.695E-05 0 0 0.1208 0.1199 
0.1428 0.0009024 0.1198 5.668E-05 0 0 0.1207 0.1198 
0.143 0.0008999 0.1197 5.642E-05 0 0 0.1207 0.1198 
0.1432 0.0008974 0.1197 5.616E-05 0 0 0.1206 0.1197 
0.1434 0.000895 0.1196 5.59E-05 0 0 0.1206 0.1197 
0.1436 0.0008925 0.1196 5.565E-05 0 0 0.1205 0.1196 
0.1438 0.00089 0.1195 5.539E-05 0 0 0.1205 0.1196 
0.144 0.0008876 0.1195 5.514E-05 0 0 0.1204 0.1195 
0.1442 0.0008852 0.1194 5.488E-05 0 0 0.1204 0.1195 
0.1444 0.0008827 0.1194 5.463E-05 0 0 0.1203 0.1194 
0.1446 0.0008803 0.1193 5.438E-05 0 0 0.1203 0.1194 
0.1448 0.0008779 0.1193 5.413E-05 0 0 0.1202 0.1194 
0.145 0.0008755 0.1193 5.389E-05 0 0 0.1202 0.1193 
0.1452 0.0008731 0.1192 5.364E-05 0 0 0.1201 0.1193 
0.1454 0.0008707 0.1192 5.34E-05 0 0 0.1201 0.1192 
0.1456 0.0008684 0.1191 5.316E-05 0 0 0.12 0.1192 
0.1458 0.000866 0.1191 5.292E-05 0 0 0.12 0.1191 
0.146 0.0008636 0.119 5.268E-05 0 0 0.1199 0.1191 
0.1462 0.0008613 0.119 5.244E-05 0 0 0.1199 0.119 
0.1464 0.000859 0.1189 5.22E-05 0 0 0.1199 0.119 
0.1466 0.0008567 0.1189 5.197E-05 0 0 0.1198 0.1189 
0.1468 0.0008543 0.1188 5.173E-05 0 0 0.1198 0.1189 
0.147 0.000852 0.1188 5.15E-05 0 0 0.1197 0.1189 
0.1472 0.0008497 0.1188 5.127E-05 0 0 0.1197 0.1188 
0.1474 0.0008475 0.1187 5.104E-05 0 0 0.1196 0.1188 
0.1476 0.0008452 0.1187 5.081E-05 0 0 0.1196 0.1187 
0.1478 0.0008429 0.1186 5.059E-05 0 0 0.1195 0.1187 
0.148 0.0008407 0.1186 5.036E-05 0 0 0.1195 0.1186 
0.1482 0.0008384 0.1185 5.014E-05 0 0 0.1194 0.1186 
0.1484 0.0008362 0.1185 4.992E-05 0 0 0.1194 0.1185 
0.1486 0.0008339 0.1184 4.969E-05 0 0 0.1193 0.1185 
0.1488 0.0008317 0.1184 4.947E-05 0 0 0.1193 0.1185 
0.149 0.0008295 0.1184 4.925E-05 0 0 0.1192 0.1184 
0.1492 0.0008273 0.1183 4.904E-05 0 0 0.1192 0.1184 
0.1494 0.0008251 0.1183 4.882E-05 0 0 0.1191 0.1183 
0.1496 0.0008229 0.1182 4.861E-05 0 0 0.1191 0.1183 
0.1498 0.0008207 0.1182 4.839E-05 0 0 0.1191 0.1182 
0.15 0.0008186 0.1181 4.818E-05 0 0 0.119 0.1182 
0.1502 0.0008164 0.1181 4.797E-05 0 0 0.119 0.1181 
0.1504 0.0008143 0.1181 4.776E-05 0 0 0.1189 0.1181 
0.1506 0.0008121 0.118 4.755E-05 0 0 0.1189 0.1181 
0.1508 0.00081 0.118 4.734E-05 0 0 0.1188 0.118 
0.151 0.0008079 0.1179 4.713E-05 0 0 0.1188 0.118 
0.1512 0.0008057 0.1179 4.693E-05 0 0 0.1187 0.1179 
0.1514 0.0008036 0.1178 4.672E-05 0 0 0.1187 0.1179 
0.1516 0.0008015 0.1178 4.652E-05 0 0 0.1186 0.1178 
0.1518 0.0007994 0.1177 4.632E-05 0 0 0.1186 0.1178 
0.152 0.0007973 0.1177 4.612E-05 0 0 0.1185 0.1178 
0.1522 0.0007953 0.1177 4.592E-05 0 0 0.1185 0.1177 
0.1524 0.0007932 0.1176 4.572E-05 0 0 0.1185 0.1177 
0.1526 0.0007911 0.1176 4.552E-05 0 0 0.1184 0.1176 
0.1528 0.0007891 0.1175 4.533E-05 0 0 0.1184 0.1176 
0.153 0.000787 0.1175 4.513E-05 0 0 0.1183 0.1175 
0.1532 0.000785 0.1174 4.494E-05 0 0 0.1183 0.1175 
0.1534 0.000783 0.1174 4.475E-05 0 0 0.1182 0.1174 
0.1536 0.0007809 0.1174 4.455E-05 0 0 0.1182 0.1174 
0.1538 0.0007789 0.1173 4.436E-05 0 0 0.1181 0.1174 
0.154 0.0007769 0.1173 4.417E-05 0 0 0.1181 0.1173 
0.1542 0.0007749 0.1172 4.398E-05 0 0 0.118 0.1173 
0.1544 0.0007729 0.1172 4.38E-05 0 0 0.118 0.1172 
0.1546 0.000771 0.1171 4.361E-05 0 0 0.118 0.1172 
0.1548 0.000769 0.1171 4.343E-05 0 0 0.1179 0.1171 
0.155 0.000767 0.1171 4.324E-05 0 0 0.1179 0.1171 
0.1552 0.000765 0.117 4.306E-05 0 0 0.1178 0.1171 
0.1554 0.0007631 0.117 4.288E-05 0 0 0.1178 0.117 
0.1556 0.0007611 0.1169 4.269E-05 0 0 0.1177 0.117 
0.1558 0.0007592 0.1169 4.251E-05 0 0 0.1177 0.1169 
0.156 0.0007573 0.1168 4.233E-05 0 0 0.1176 0.1169 
0.1562 0.0007554 0.1168 4.216E-05 0 0 0.1176 0.1168 
0.1564 0.0007534 0.1168 4.198E-05 0 0 0.1176 0.1168 
0.1566 0.0007515 0.1167 4.18E-05 0 0 0.1175 0.1168 
0.1568 0.0007496 0.1167 4.163E-05 0 0 0.1175 0.1167 
0.157 0.0007477 0.1166 4.145E-05 0 0 0.1174 0.1167 
0.1572 0.0007458 0.1166 4.128E-05 0 0 0.1174 0.1166 
0.1574 0.000744 0.1165 4.111E-05 0 0 0.1173 0.1166 
0.1576 0.0007421 0.1165 4.094E-05 0 0 0.1173 0.1165 
0.1578 0.0007402 0.1165 4.077E-05 0 0 0.1172 0.1165 
0.158 0.0007384 0.1164 4.06E-05 0 0 0.1172 0.1165 
0.1582 0.0007365 0.1164 4.043E-05 0 0 0.1172 0.1164 
0.1584 0.0007347 0.1163 4.026E-05 0 0 0.1171 0.1164 
0.1586 0.0007328 0.1163 4.009E-05 0 0 0.1171 0.1163 
0.1588 0.000731 0.1163 3.993E-05 0 0 0.117 0.1163 
0.159 0.0007292 0.1162 3.976E-05 0 0 0.117 0.1163 
0.1592 0.0007274 0.1162 3.96E-05 0 0 0.1169 0.1162 
0.1594 0.0007256 0.1161 3.944E-05 0 0 0.1169 0.1162 
0.1596 0.0007237 0.1161 3.927E-05 0 0 0.1169 0.1161 
0.1598 0.0007219 0.116 3.911E-05 0 0 0.1168 0.1161 
0.16 0.0007202 0.116 3.895E-05 0 0 0.1168 0.116 
0.1602 0.0007184 0.116 3.879E-05 0 0 0.1167 0.116 
0.1604 0.0007166 0.1159 3.863E-05 0 0 0.1167 0.116 
0.1606 0.0007148 0.1159 3.847E-05 0 0 0.1166 0.1159 
0.1608 0.0007131 0.1158 3.832E-05 0 0 0.1166 0.1159 
0.161 0.0007113 0.1158 3.816E-05 0 0 0.1165 0.1158 
0.1612 0.0007096 0.1158 3.801E-05 0 0 0.1165 0.1158 
0.1614 0.0007078 0.1157 3.785E-05 0 0 0.1165 0.1158 
0.1616 0.0007061 0.1157 3.77E-05 0 0 0.1164 0.1157 
0.1618 0.0007043 0.1156 3.754E-05 0 0 0.1164 0.1157 
0.162 0.0007026 0.1156 3.739E-05 0 0 0.1163 0.1156 
0.1622 0.0007009 0.1155 3.724E-05 0 0 0.1163 0.1156 
0.1624 0.0006992 0.1155 3.709E-05 0 0 0.1162 0.1155 
0.1626 0.0006975 0.1155 3.694E-05 0 0 0.1162 0.1155 
0.1628 0.0006958 0.1154 3.679E-05 0 0 0.1162 0.1155 
0.163 0.0006941 0.1154 3.664E-05 0 0 0.1161 0.1154 
0.1632 0.0006924 0.1153 3.65E-05 0 0 0.1161 0.1154 
0.1634 0.0006907 0.1153 3.635E-05 0 0 0.116 0.1153 
0.1636 0.000689 0.1153 3.62E-05 0 0 0.116 0.1153 
0.1638 0.0006874 0.1152 3.606E-05 0 0 0.1159 0.1153 
0.164 0.0006857 0.1152 3.592E-05 0 0 0.1159 0.1152 
0.1642 0.000684 0.1151 3.577E-05 0 0 0.1159 0.1152 
0.1644 0.0006824 0.1151 3.563E-05 0 0 0.1158 0.1151 
0.1646 0.0006807 0.1151 3.549E-05 0 0 0.1158 0.1151 
0.1648 0.0006791 0.115 3.535E-05 0 0 0.1157 0.1151 
0.165 0.0006775 0.115 3.521E-05 0 0 0.1157 0.115 
0.1652 0.0006758 0.1149 3.507E-05 0 0 0.1156 0.115 
0.1654 0.0006742 0.1149 3.493E-05 0 0 0.1156 0.1149 
0.1656 0.0006726 0.1149 3.479E-05 0 0 0.1156 0.1149 
0.1658 0.000671 0.1148 3.465E-05 0 0 0.1155 0.1148 
0.166 0.0006694 0.1148 3.452E-05 0 0 0.1155 0.1148 
0.1662 0.0006678 0.1147 3.438E-05 0 0 0.1154 0.1148 
0.1664 0.0006662 0.1147 3.424E-05 0 0 0.1154 0.1147 
0.1666 0.0006646 0.1147 3.411E-05 0 0 0.1154 0.1147 
0.1668 0.000663 0.1146 3.398E-05 0 0 0.1153 0.1146 
0.167 0.0006614 0.1146 3.384E-05 0 0 0.1153 0.1146 
0.1672 0.0006599 0.1145 3.371E-05 0 0 0.1152 0.1146 
0.1674 0.0006583 0.1145 3.358E-05 0 0 0.1152 0.1145 
0.1676 0.0006567 0.1145 3.345E-05 0 0 0.1151 0.1145 
0.1678 0.0006552 0.1144 3.332E-05 0 0 0.1151 0.1144 
0.168 0.0006536 0.1144 3.319E-05 0 0 0.1151 0.1144 
0.1682 0.0006521 0.1143 3.306E-05 0 0 0.115 0.1144 
0.1684 0.0006506 0.1143 3.293E-05 0 0 0.115 0.1143 
0.1686 0.000649 0.1143 3.28E-05 0 0 0.1149 0.1143 
0.1688 0.0006475 0.1142 3.267E-05 0 0 0.1149 0.1142 
0.169 0.000646 0.1142 3.255E-05 0 0 0.1149 0.1142 
0.1692 0.0006445 0.1141 3.242E-05 0 0 0.1148 0.1142 
0.1694 0.0006429 0.1141 3.23E-05 0 0 0.1148 0.1141 
0.1696 0.0006414 0.1141 3.217E-05 0 0 0.1147 0.1141 
0.1698 0.0006399 0.114 3.205E-05 0 0 0.1147 0.114 
0.17 0.0006384 0.114 3.192E-05 0 0 0.1146 0.114 
0.1702 0.000637 0.1139 3.18E-05 0 0 0.1146 0.114 
0.1704 0.0006355 0.1139 3.168E-05 0 0 0.1146 0.1139 
0.1706 0.000634 0.1139 3.156E-05 0 0 0.1145 0.1139 
0.1708 0.0006325 0.1138 3.144E-05 0 0 0.1145 0.1138 
0.171 0.000631 0.1138 3.132E-05 0 0 0.1144 0.1138 
0.1712 0.0006296 0.1137 3.12E-05 0 0 0.1144 0.1138 
0.1714 0.0006281 0.1137 3.108E-05 0 0 0.1144 0.1137 
0.1716 0.0006267 0.1137 3.096E-05 0 0 0.1143 0.1137 
0.1718 0.0006252 0.1136 3.084E-05 0 0 0.1143 0.1137 
0.172 0.0006238 0.1136 3.072E-05 0 0 0.1142 0.1136 
0.1722 0.0006223 0.1135 3.061E-05 0 0 0.1142 0.1136 
0.1724 0.0006209 0.1135 3.049E-05 0 0 0.1142 0.1135 
0.1726 0.0006195 0.1135 3.038E-05 0 0 0.1141 0.1135 
0.1728 0.000618 0.1134 3.026E-05 0 0 0.1141 0.1135 
0.173 0.0006166 0.1134 3.015E-05 0 0 0.114 0.1134 
0.1732 0.0006152 0.1133 3.003E-05 0 0 0.114 0.1134 
0.1734 0.0006138 0.1133 2.992E-05 0 0 0.114 0.1133 
0.1736 0.0006124 0.1133 2.981E-05 0 0 0.1139 0.1133 
0.1738 0.000611 0.1132 2.97E-05 0 0 0.1139 0.1133 
0.174 0.0006096 0.1132 2.958E-05 0 0 0.1138 0.1132 
0.1742 0.0006082 0.1132 2.947E-05 0 0 0.1138 0.1132 
0.1744 0.0006068 0.1131 2.936E-05 0 0 0.1138 0.1131 
0.1746 0.0006054 0.1131 2.925E-05 0 0 0.1137 0.1131 
0.1748 0.0006041 0.113 2.914E-05 0 0 0.1137 0.1131 
0.175 0.0006027 0.113 2.904E-05 0 0 0.1136 0.113 
0.1752 0.0006013 0.113 2.893E-05 0 0 0.1136 0.113 
0.1754 0.0006 0.1129 2.882E-05 0 0 0.1135 0.1129 
0.1756 0.0005986 0.1129 2.871E-05 0 0 0.1135 0.1129 
0.1758 0.0005973 0.1128 2.861E-05 0 0 0.1135 0.1129 
0.176 0.0005959 0.1128 2.85E-05 0 0 0.1134 0.1128 
0.1762 0.0005946 0.1128 2.839E-05 0 0 0.1134 0.1128 
0.1764 0.0005932 0.1127 2.829E-05 0 0 0.1134 0.1128 
0.1766 0.0005919 0.1127 2.818E-05 0 0 0.1133 0.1127 
0.1768 0.0005906 0.1127 2.808E-05 0 0 0.1133 0.1127 
0.177 0.0005892 0.1126 2.798E-05 0 0 0.1132 0.1126 
0.1772 0.0005879 0.1126 2.787E-05 0 0 0.1132 0.1126 
0.1774 0.0005866 0.1125 2.777E-05 0 0 0.1132 0.1126 
0.1776 0.0005853 0.1125 2.767E-05 0 0 0.1131 0.1125 
0.1778 0.000584 0.1125 2.757E-05 0 0 0.1131 0.1125 
0.178 0.0005827 0.1124 2.747E-05 0 0 0.113 0.1125 
0.1782 0.0005814 0.1124 2.737E-05 0 0 0.113 0.1124 
0.1784 0.0005801 0.1123 2.727E-05 0 0 0.113 0.1124 
0.1786 0.0005788 0.1123 2.717E-05 0 0 0.1129 0.1123 
0.1788 0.0005775 0.1123 2.707E-05 0 0 0.1129 0.1123 
0.179 0.0005762 0.1122 2.697E-05 0 0 0.1128 0.1123 
0.1792 0.0005749 0.1122 2.687E-05 0 0 0.1128 0.1122 
0.1794 0.0005737 0.1122 2.677E-05 0 0 0.1128 0.1122 
0.1796 0.0005724 0.1121 2.668E-05 0 0 0.1127 0.1121 
0.1798 0.0005711 0.1121 2.658E-05 0 0 0.1127 0.1121 
0.18 0.0005699 0.112 2.648E-05 0 0 0.1126 0.1121 
0.1802 0.0005686 0.112 2.639E-05 0 0 0.1126 0.112 
0.1804 0.0005674 0.112 2.629E-05 0 0 0.1126 0.112 
0.1806 0.0005661 0.1119 2.62E-05 0 0 0.1125 0.112 
0.1808 0.0005649 0.1119 2.61E-05 0 0 0.1125 0.1119 
0.181 0.0005636 0.1119 2.601E-05 0 0 0.1124 0.1119 
0.1812 0.0005624 0.1118 2.592E-05 0 0 0.1124 0.1118 
0.1814 0.0005611 0.1118 2.582E-05 0 0 0.1124 0.1118 
0.1816 0.0005599 0.1117 2.573E-05 0 0 0.1123 0.1118 
0.1818 0.0005587 0.1117 2.564E-05 0 0 0.1123 0.1117 
0.182 0.0005575 0.1117 2.555E-05 0 0 0.1123 0.1117 
0.1822 0.0005563 0.1116 2.546E-05 0 0 0.1122 0.1117 
0.1824 0.000555 0.1116 2.537E-05 0 0 0.1122 0.1116 
0.1826 0.0005538 0.1116 2.527E-05 0 0 0.1121 0.1116 
0.1828 0.0005526 0.1115 2.518E-05 0 0 0.1121 0.1115 
0.183 0.0005514 0.1115 2.51E-05 0 0 0.1121 0.1115 
0.1832 0.0005502 0.1114 2.501E-05 0 0 0.112 0.1115 
0.1834 0.000549 0.1114 2.492E-05 0 0 0.112 0.1114 
0.1836 0.0005479 0.1114 2.483E-05 0 0 0.1119 0.1114 
0.1838 0.0005467 0.1113 2.474E-05 0 0 0.1119 0.1114 
0.184 0.0005455 0.1113 2.465E-05 0 0 0.1119 0.1113 
0.1842 0.0005443 0.1113 2.457E-05 0 0 0.1118 0.1113 
0.1844 0.0005431 0.1112 2.448E-05 0 0 0.1118 0.1112 
0.1846 0.000542 0.1112 2.439E-05 0 0 0.1118 0.1112 
0.1848 0.0005408 0.1112 2.431E-05 0 0 0.1117 0.1112 
0.185 0.0005396 0.1111 2.422E-05 0 0 0.1117 0.1111 
0.1852 0.0005385 0.1111 2.414E-05 0 0 0.1116 0.1111 
0.1854 0.0005373 0.111 2.405E-05 0 0 0.1116 0.1111 
0.1856 0.0005362 0.111 2.397E-05 0 0 0.1116 0.111 
0.1858 0.000535 0.111 2.389E-05 0 0 0.1115 0.111 
0.186 0.0005339 0.1109 2.38E-05 0 0 0.1115 0.111 
0.1862 0.0005327 0.1109 2.372E-05 0 0 0.1115 0.1109 
0.1864 0.0005316 0.1109 2.364E-05 0 0 0.1114 0.1109 
0.1866 0.0005305 0.1108 2.355E-05 0 0 0.1114 0.1108 
0.1868 0.0005293 0.1108 2.347E-05 0 0 0.1113 0.1108 
0.187 0.0005282 0.1107 2.339E-05 0 0 0.1113 0.1108 
0.1872 0.0005271 0.1107 2.331E-05 0 0 0.1113 0.1107 
0.1874 0.000526 0.1107 2.323E-05 0 0 0.1112 0.1107 
0.1876 0.0005249 0.1106 2.315E-05 0 0 0.1112 0.1107 
0.1878 0.0005237 0.1106 2.307E-05 0 0 0.1112 0.1106 
0.188 0.0005226 0.1106 2.299E-05 0 0 0.1111 0.1106 
0.1882 0.0005215 0.1105 2.291E-05 0 0 0.1111 0.1106 
0.1884 0.0005204 0.1105 2.283E-05 0 0 0.111 0.1105 
0.1886 0.0005193 0.1105 2.275E-05 0 0 0.111 0.1105 
0.1888 0.0005182 0.1104 2.267E-05 0 0 0.111 0.1104 
0.189 0.0005171 0.1104 2.26E-05 0 0 0.1109 0.1104 
0.1892 0.0005161 0.1104 2.252E-05 0 0 0.1109 0.1104 
0.1894 0.000515 0.1103 2.244E-05 0 0 0.1109 0.1103 
0.1896 0.0005139 0.1103 2.236E-05 0 0 0.1108 0.1103 
0.1898 0.0005128 0.1102 2.229E-05 0 0 0.1108 0.1103 
0.19 0.0005117 0.1102 2.221E-05 0 0 0.1107 0.1102 
0.1902 0.0005107 0.1102 2.214E-05 0 0 0.1107 0.1102 
0.1904 0.0005096 0.1101 2.206E-05 0 0 0.1107 0.1102 
0.1906 0.0005085 0.1101 2.199E-05 0 0 0.1106 0.1101 
0.1908 0.0005075 0.1101 2.191E-05 0 0 0.1106 0.1101 
0.191 0.0005064 0.11 2.184E-05 0 0 0.1106 0.11 
0.1912 0.0005054 0.11 2.176E-05 0 0 0.1105 0.11 
0.1914 0.0005043 0.11 2.169E-05 0 0 0.1105 0.11 
0.1916 0.0005033 0.1099 2.161E-05 0 0 0.1104 0.1099 
0.1918 0.0005022 0.1099 2.154E-05 0 0 0.1104 0.1099 
0.192 0.0005012 0.1098 2.147E-05 0 0 0.1104 0.1099 
0.1922 0.0005002 0.1098 2.14E-05 0 0 0.1103 0.1098 
0.1924 0.0004991 0.1098 2.132E-05 0 0 0.1103 0.1098 
0.1926 0.0004981 0.1097 2.125E-05 0 0 0.1103 0.1098 
0.1928 0.0004971 0.1097 2.118E-05 0 0 0.1102 0.1097 
0.193 0.000496 0.1097 2.111E-05 0 0 0.1102 0.1097 
0.1932 0.000495 0.1096 2.104E-05 0 0 0.1102 0.1097 
0.1934 0.000494 0.1096 2.097E-05 0 0 0.1101 0.1096 
0.1936 0.000493 0.1096 2.09E-05 0 0 0.1101 0.1096 
0.1938 0.000492 0.1095 2.083E-05 0 0 0.11 0.1096 
0.194 0.000491 0.1095 2.076E-05 0 0 0.11 0.1095 
0.1942 0.00049 0.1095 2.069E-05 0 0 0.11 0.1095 
0.1944 0.000489 0.1094 2.062E-05 0 0 0.1099 0.1094 
0.1946 0.000488 0.1094 2.055E-05 0 0 0.1099 0.1094 
0.1948 0.000487 0.1094 2.048E-05 0 0 0.1099 0.1094 
0.195 0.000486 0.1093 2.042E-05 0 0 0.1098 0.1093 
0.1952 0.000485 0.1093 2.035E-05 0 0 0.1098 0.1093 
0.1954 0.000484 0.1092 2.028E-05 0 0 0.1098 0.1093 
0.1956 0.000483 0.1092 2.021E-05 0 0 0.1097 0.1092 
0.1958 0.000482 0.1092 2.015E-05 0 0 0.1097 0.1092 
0.196 0.000481 0.1091 2.008E-05 0 0 0.1096 0.1092 
0.1962 0.0004801 0.1091 2.001E-05 0 0 0.1096 0.1091 
0.1964 0.0004791 0.1091 1.995E-05 0 0 0.1096 0.1091 
0.1966 0.0004781 0.109 1.988E-05 0 0 0.1095 0.1091 
0.1968 0.0004772 0.109 1.982E-05 0 0 0.1095 0.109 
0.197 0.0004762 0.109 1.975E-05 0 0 0.1095 0.109 
0.1972 0.0004752 0.1089 1.969E-05 0 0 0.1094 0.109 
0.1974 0.0004743 0.1089 1.962E-05 0 0 0.1094 0.1089 
0.1976 0.0004733 0.1089 1.956E-05 0 0 0.1094 0.1089 
0.1978 0.0004724 0.1088 1.95E-05 0 0 0.1093 0.1089 
0.198 0.0004714 0.1088 1.943E-05 0 0 0.1093 0.1088 
0.1982 0.0004705 0.1088 1.937E-05 0 0 0.1093 0.1088 
0.1984 0.0004695 0.1087 1.931E-05 0 0 0.1092 0.1087 
0.1986 0.0004686 0.1087 1.924E-05 0 0 0.1092 0.1087 
0.1988 0.0004676 0.1087 1.918E-05 0 0 0.1091 0.1087 
0.199 0.0004667 0.1086 1.912E-05 0 0 0.1091 0.1086 
0.1992 0.0004658 0.1086 1.906E-05 0 0 0.1091 0.1086 
0.1994 0.0004648 0.1086 1.899E-05 0 0 0.109 0.1086 
0.1996 0.0004639 0.1085 1.893E-05 0 0 0.109 0.1085 
0.1998 0.000463 0.1085 1.887E-05 0 0 0.109 0.1085 
