0.001 5.054 0.005914 10570 0 0 10570 10570 
0.0012 4.959 0.007859 7523 0 0 7528 7523 
0.0014 4.858 0.009855 5204 0 0 5209 5204 
0.0016 4.751 0.01187 3756 0 0 3760 3756 
0.0018 4.64 0.01389 2797 0 0 2802 2797 
0.002 4.525 0.01591 2149 0 0 2154 2149 
0.0022 4.409 0.01793 1675 0 0 1680 1675 
0.0024 4.293 0.01994 1335 0 0 1339 1335 
0.0026 4.177 0.02194 1083 0 0 1087 1083 
0.0028 4.061 0.02391 892.1 0 0 896.1 892.1 
0.003 3.946 0.02587 744.9 0 0 748.8 744.9 
0.0032 3.833 0.02781 626.3 0 0 630.2 626.3 
0.0034 3.721 0.02972 532.2 0 0 535.9 532.2 
0.0036 3.612 0.0316 456.4 0 0 460.1 456.5 
0.0038 3.504 0.03345 394.7 0 0 398.3 394.8 
0.004 3.399 0.03527 343.9 0 0 347.3 343.9 
0.0042 3.297 0.03706 301 0 0 304.3 301 
0.0044 3.197 0.03882 265.1 0 0 268.3 265.1 
0.0046 3.1 0.04055 234.8 0 0 237.9 234.8 
0.0048 3.005 0.04224 209 0 0 212.1 209.1 
0.005 2.914 0.04391 187 0 0 189.9 187 
0.0052 2.826 0.04554 167.8 0 0 170.7 167.8 
0.0054 2.74 0.04715 151.2 0 0 154 151.3 
0.0056 2.657 0.04873 136.8 0 0 139.5 136.8 
0.0058 2.577 0.05028 124.1 0 0 126.8 124.2 
0.006 2.5 0.05181 113.1 0 0 115.6 113.1 
0.0062 2.425 0.05331 103.2 0 0 105.6 103.2 
0.0064 2.353 0.05479 94.41 0 0 96.82 94.46 
0.0066 2.284 0.05624 86.63 0 0 88.97 86.69 
0.0068 2.218 0.05766 79.7 0 0 81.97 79.76 
0.007 2.154 0.05906 73.5 0 0 75.71 73.56 
0.0072 2.093 0.06044 67.94 0 0 70.09 68 
0.0074 2.034 0.06179 62.93 0 0 65.03 62.99 
0.0076 1.977 0.06311 58.41 0 0 60.45 58.48 
0.0078 1.923 0.06442 54.33 0 0 56.31 54.39 
0.008 1.872 0.06569 50.62 0 0 52.55 50.68 
0.0082 1.822 0.06695 47.22 0 0 49.11 47.28 
0.0084 1.774 0.06818 44.12 0 0 45.96 44.19 
0.0086 1.729 0.06939 41.29 0 0 43.09 41.36 
0.0088 1.684 0.07057 38.7 0 0 40.46 38.77 
0.009 1.642 0.07174 275.1 0 0 276.8 275.2 
0.0092 1.6 0.07288 261.4 0 0 263 261.4 
0.0094 1.561 0.07401 248.5 0 0 250.2 248.6 
0.0096 1.522 0.07511 236.5 0 0 238.1 236.6 
0.0098 1.485 0.07619 225.2 0 0 226.7 225.2 
0.01 1.45 0.07725 214.5 0 0 216 214.5 
0.0102 1.416 0.07829 204.3 0 0 205.8 204.4 
0.0104 1.383 0.07931 194.7 0 0 196.2 194.8 
0.0106 1.352 0.0803 185.6 0 0 187.1 185.7 
0.0108 1.321 0.08128 177.1 0 0 178.5 177.1 
0.011 1.292 0.08223 168.9 0 0 170.3 169 
0.0112 1.264 0.08316 161.2 0 0 162.6 161.3 
0.0114 1.237 0.08408 154 0 0 155.3 154 
0.0116 1.211 0.08497 147.1 0 0 148.4 147.2 
0.0118 1.186 0.08585 140.6 0 0 141.9 140.7 
0.012 1.162 0.08671 134.4 0 0 135.7 134.5 
0.0122 1.138 0.08754 128.6 0 0 129.8 128.7 
0.0124 1.116 0.08837 123.1 0 0 124.3 123.2 
0.0126 1.094 0.08917 117.9 0 0 119.1 118 
0.0128 1.073 0.08996 113 0 0 114.1 113 
0.013 1.052 0.09073 108.3 0 0 109.4 108.4 
0.0132 1.033 0.09149 103.9 0 0 105 104 
0.0134 1.013 0.09222 99.67 0 0 100.8 99.77 
0.0136 0.9949 0.09295 95.7 0 0 96.79 95.8 
0.0138 0.9769 0.09366 91.94 0 0 93.01 92.03 
0.014 0.9594 0.09435 88.37 0 0 89.43 88.47 
0.0142 0.9425 0.09503 84.99 0 0 86.02 85.08 
0.0144 0.9261 0.0957 81.77 0 0 82.8 81.87 
0.0146 0.9102 0.09635 78.72 0 0 79.73 78.82 
0.0148 0.8947 0.09699 75.83 0 0 76.82 75.92 
0.015 0.8797 0.09761 73.08 0 0 74.05 73.17 
0.0152 0.8651 0.09822 70.46 0 0 71.42 70.56 
0.0154 0.851 0.09882 67.97 0 0 68.92 68.07 
0.0156 0.8372 0.09941 65.6 0 0 66.54 65.7 
0.0158 0.8238 0.09998 63.35 0 0 64.27 63.45 
0.016 0.8107 0.1005 61.2 0 0 62.11 61.3 
0.0162 0.798 0.1011 59.14 0 0 60.04 59.24 
0.0164 0.7856 0.1016 57.18 0 0 58.07 57.29 
0.0166 0.7735 0.1022 55.31 0 0 56.19 55.41 
0.0168 0.7617 0.1027 53.52 0 0 54.39 53.63 
0.017 0.7502 0.1032 51.81 0 0 52.66 51.91 
0.0172 0.739 0.1037 50.17 0 0 51.02 50.28 
0.0174 0.7281 0.1042 48.6 0 0 49.44 48.71 
0.0176 0.7174 0.1047 47.1 0 0 47.92 47.21 
0.0178 0.7069 0.1051 45.66 0 0 46.47 45.76 
0.018 0.6967 0.1056 44.28 0 0 45.08 44.38 
0.0182 0.6867 0.1061 42.95 0 0 43.74 43.05 
0.0184 0.677 0.1065 41.67 0 0 42.46 41.78 
0.0186 0.6674 0.107 40.45 0 0 41.22 40.56 
0.0188 0.6581 0.1074 39.27 0 0 40.04 39.38 
0.019 0.6489 0.1078 38.14 0 0 38.9 38.25 
0.0192 0.64 0.1082 37.05 0 0 37.8 37.16 
0.0194 0.6312 0.1086 36 0 0 36.74 36.11 
0.0196 0.6226 0.109 34.99 0 0 35.72 35.1 
0.0198 0.6142 0.1094 34.02 0 0 34.74 34.13 
0.02 0.6059 0.1098 33.08 0 0 33.8 33.19 
0.0202 0.5979 0.1102 32.18 0 0 32.89 32.29 
0.0204 0.5899 0.1106 31.31 0 0 32.01 31.42 
0.0206 0.5822 0.111 30.47 0 0 31.16 30.58 
0.0208 0.5745 0.1113 29.66 0 0 30.34 29.77 
0.021 0.567 0.1117 28.87 0 0 29.55 28.98 
0.0212 0.5597 0.112 28.12 0 0 28.79 28.23 
0.0214 0.5525 0.1124 27.39 0 0 28.05 27.5 
0.0216 0.5454 0.1127 26.68 0 0 27.34 26.79 
0.0218 0.5385 0.1131 26 0 0 26.65 26.11 
0.022 0.5317 0.1134 25.34 0 0 25.98 25.45 
0.0222 0.525 0.1137 24.7 0 0 25.34 24.82 
0.0224 0.5185 0.1141 24.09 0 0 24.72 24.2 
0.0226 0.512 0.1144 23.49 0 0 24.12 23.6 
0.0228 0.5057 0.1147 22.91 0 0 23.53 23.03 
0.023 0.4995 0.115 22.35 0 0 22.97 22.47 
0.0232 0.4934 0.1153 21.81 0 0 22.42 21.93 
0.0234 0.4874 0.1156 21.29 0 0 21.89 21.4 
0.0236 0.4815 0.1159 20.78 0 0 21.38 20.9 
0.0238 0.4758 0.1162 20.29 0 0 20.88 20.41 
0.024 0.4701 0.1164 19.81 0 0 20.4 19.93 
0.0242 0.4645 0.1167 19.35 0 0 19.93 19.47 
0.0244 0.459 0.117 18.91 0 0 19.48 19.02 
0.0246 0.4536 0.1173 18.47 0 0 19.04 18.59 
0.0248 0.4483 0.1175 18.05 0 0 18.62 18.17 
0.025 0.4431 0.1178 17.64 0 0 18.2 17.76 
0.0252 0.438 0.1181 17.25 0 0 17.8 17.36 
0.0254 0.4329 0.1183 16.86 0 0 17.41 16.98 
0.0256 0.428 0.1186 16.49 0 0 17.03 16.61 
0.0258 0.4231 0.1188 16.13 0 0 16.67 16.24 
0.026 0.4183 0.119 15.77 0 0 16.31 15.89 
0.0262 0.4136 0.1193 15.43 0 0 15.96 15.55 
0.0264 0.409 0.1195 15.1 0 0 15.63 15.22 
0.0266 0.4044 0.1197 14.78 0 0 15.3 14.9 
0.0268 0.3999 0.12 14.46 0 0 14.98 14.58 
0.027 0.3955 0.1202 14.16 0 0 14.67 14.28 
0.0272 0.3912 0.1204 13.86 0 0 14.37 13.98 
0.0274 0.3869 0.1206 13.57 0 0 14.08 13.69 
0.0276 0.3827 0.1208 13.29 0 0 13.79 13.41 
0.0278 0.3785 0.121 13.02 0 0 13.52 13.14 
0.028 0.3744 0.1212 12.75 0 0 13.25 12.87 
0.0282 0.3704 0.1214 12.49 0 0 12.99 12.62 
0.0284 0.3665 0.1216 12.24 0 0 12.73 12.36 
0.0286 0.3626 0.1218 12 0 0 12.48 12.12 
0.0288 0.3587 0.122 11.76 0 0 12.24 11.88 
0.029 0.355 0.1222 11.53 0 0 12 11.65 
0.0292 0.3512 0.1224 11.3 0 0 11.77 11.42 
0.0294 0.3476 0.1226 11.08 0 0 11.55 11.2 
0.0296 0.344 0.1228 10.87 0 0 11.33 10.99 
0.0298 0.3404 0.1229 10.66 0 0 11.12 10.78 
0.03 0.3369 0.1231 10.45 0 0 10.91 10.58 
0.0302 0.3334 0.1233 10.25 0 0 10.71 10.38 
0.0304 0.33 0.1234 10.06 0 0 10.51 10.18 
0.0306 0.3267 0.1236 9.871 0 0 10.32 9.995 
0.0308 0.3234 0.1238 9.687 0 0 10.13 9.811 
0.031 0.3201 0.1239 9.507 0 0 9.951 9.631 
0.0312 0.3169 0.1241 9.332 0 0 9.773 9.456 
0.0314 0.3138 0.1242 9.161 0 0 9.599 9.285 
0.0316 0.3107 0.1244 8.994 0 0 9.429 9.118 
0.0318 0.3076 0.1245 8.831 0 0 9.263 8.956 
0.032 0.3046 0.1247 8.672 0 0 9.101 8.797 
0.0322 0.3016 0.1248 8.517 0 0 8.943 8.642 
0.0324 0.2986 0.125 8.365 0 0 8.789 8.49 
0.0326 0.2957 0.1251 8.217 0 0 8.638 8.342 
0.0328 0.2929 0.1252 8.072 0 0 8.491 8.198 
0.033 0.2901 0.1254 7.931 0 0 8.347 8.056 
0.0332 0.2873 0.1255 7.793 0 0 8.206 7.919 
0.0334 0.2845 0.1256 7.658 0 0 8.068 7.784 
0.0336 0.2818 0.1258 7.526 0 0 7.934 7.652 
0.0338 0.2792 0.1259 7.398 0 0 7.803 7.524 
0.034 0.2766 0.126 7.272 0 0 7.674 7.398 
0.0342 0.274 0.1261 7.149 0 0 7.549 7.275 
0.0344 0.2714 0.1263 7.028 0 0 7.426 7.155 
0.0346 0.2689 0.1264 6.911 0 0 7.306 7.037 
0.0348 0.2664 0.1265 6.795 0 0 7.188 6.922 
0.035 0.264 0.1266 6.683 0 0 7.074 6.81 
0.0352 0.2616 0.1267 6.573 0 0 6.961 6.7 
0.0354 0.2592 0.1268 6.465 0 0 6.851 6.592 
0.0356 0.2568 0.1269 6.36 0 0 6.743 6.487 
0.0358 0.2545 0.127 6.256 0 0 6.638 6.384 
0.036 0.2522 0.1272 6.156 0 0 6.535 6.283 
0.0362 0.25 0.1273 6.057 0 0 6.434 6.184 
0.0364 0.2477 0.1274 5.96 0 0 6.335 6.087 
0.0366 0.2456 0.1275 5.865 0 0 6.238 5.993 
0.0368 0.2434 0.1275 5.773 0 0 6.144 5.9 
0.037 0.2413 0.1276 5.682 0 0 6.051 5.809 
0.0372 0.2391 0.1277 5.593 0 0 5.96 5.721 
0.0374 0.2371 0.1278 5.506 0 0 5.871 5.634 
0.0376 0.235 0.1279 5.42 0 0 5.783 5.548 
0.0378 0.233 0.128 5.337 0 0 5.698 5.465 
0.038 0.231 0.1281 5.255 0 0 5.614 5.383 
0.0382 0.229 0.1282 5.175 0 0 5.532 5.303 
0.0384 0.2271 0.1283 5.096 0 0 5.451 5.224 
0.0386 0.2251 0.1283 5.019 0 0 5.373 5.147 
0.0388 0.2233 0.1284 4.944 0 0 5.295 5.072 
0.039 0.2214 0.1285 4.869 0 0 5.219 4.998 
0.0392 0.2195 0.1286 4.797 0 0 5.145 4.925 
0.0394 0.2177 0.1287 4.726 0 0 5.072 4.854 
0.0396 0.2159 0.1287 4.656 0 0 5.001 4.785 
0.0398 0.2141 0.1288 4.588 0 0 4.93 4.716 
0.04 0.2124 0.1289 4.52 0 0 4.862 4.649 
0.0402 0.2106 0.129 4.455 0 0 4.794 4.584 
0.0404 0.2089 0.129 4.39 0 0 4.728 4.519 
0.0406 0.2072 0.1291 4.327 0 0 4.663 4.456 
0.0408 0.2056 0.1292 4.265 0 0 4.599 4.394 
0.041 0.2039 0.1292 4.204 0 0 4.537 4.333 
0.0412 0.2023 0.1293 4.144 0 0 4.475 4.273 
0.0414 0.2007 0.1294 4.085 0 0 4.415 4.214 
0.0416 0.1991 0.1294 4.027 0 0 4.356 4.157 
0.0418 0.1975 0.1295 3.971 0 0 4.298 4.1 
0.042 0.196 0.1295 3.915 0 0 4.241 4.045 
0.0422 0.1945 0.1296 3.861 0 0 4.185 3.991 
0.0424 0.1929 0.1297 3.807 0 0 4.13 3.937 
0.0426 0.1915 0.1297 3.755 0 0 4.076 3.885 
0.0428 0.19 0.1298 3.703 0 0 4.023 3.833 
0.043 0.1885 0.1298 3.653 0 0 3.971 3.783 
0.0432 0.1871 0.1299 3.603 0 0 3.92 3.733 
0.0434 0.1857 0.1299 3.554 0 0 3.87 3.684 
0.0436 0.1842 0.13 3.506 0 0 3.82 3.636 
0.0438 0.1829 0.13 3.459 0 0 3.772 3.589 
0.044 0.1815 0.1301 3.413 0 0 3.724 3.543 
0.0442 0.1801 0.1301 3.367 0 0 3.678 3.497 
0.0444 0.1788 0.1302 3.323 0 0 3.632 3.453 
0.0446 0.1775 0.1302 3.279 0 0 3.586 3.409 
0.0448 0.1761 0.1302 3.236 0 0 3.542 3.366 
0.045 0.1748 0.1303 3.193 0 0 3.498 3.323 
0.0452 0.1736 0.1303 3.151 0 0 3.455 3.282 
0.0454 0.1723 0.1304 3.111 0 0 3.413 3.241 
0.0456 0.171 0.1304 3.07 0 0 3.372 3.201 
0.0458 0.1698 0.1305 3.031 0 0 3.331 3.161 
0.046 0.1686 0.1305 2.992 0 0 3.291 3.122 
0.0462 0.1674 0.1305 2.954 0 0 3.251 3.084 
0.0464 0.1662 0.1306 2.916 0 0 3.213 3.047 
0.0466 0.165 0.1306 2.879 0 0 3.175 3.01 
0.0468 0.1638 0.1306 2.843 0 0 3.137 2.973 
0.047 0.1627 0.1307 2.807 0 0 3.1 2.938 
0.0472 0.1615 0.1307 2.772 0 0 3.064 2.902 
0.0474 0.1604 0.1307 2.737 0 0 3.028 2.868 
0.0476 0.1593 0.1308 2.703 0 0 2.993 2.834 
0.0478 0.1581 0.1308 2.67 0 0 2.959 2.8 
0.048 0.1571 0.1308 2.637 0 0 2.925 2.768 
0.0482 0.156 0.1308 2.604 0 0 2.891 2.735 
0.0484 0.1549 0.1309 2.572 0 0 2.858 2.703 
0.0486 0.1538 0.1309 2.541 0 0 2.826 2.672 
0.0488 0.1528 0.1309 2.51 0 0 2.794 2.641 
0.049 0.1517 0.131 2.48 0 0 2.763 2.611 
0.0492 0.1507 0.131 2.45 0 0 2.732 2.581 
0.0494 0.1497 0.131 2.421 0 0 2.701 2.552 
0.0496 0.1487 0.131 2.392 0 0 2.671 2.523 
0.0498 0.1477 0.131 2.363 0 0 2.642 2.494 
0.05 0.1467 0.1311 2.335 0 0 2.613 2.466 
0.0502 0.1457 0.1311 2.307 0 0 2.584 2.439 
0.0504 0.1448 0.1311 2.28 0 0 2.556 2.411 
0.0506 0.1438 0.1311 2.254 0 0 2.528 2.385 
0.0508 0.1429 0.1311 2.227 0 0 2.501 2.358 
0.051 0.1419 0.1312 2.201 0 0 2.474 2.332 
0.0512 0.141 0.1312 2.176 0 0 2.448 2.307 
0.0514 0.1401 0.1312 2.151 0 0 2.422 2.282 
0.0516 0.1392 0.1312 2.126 0 0 2.396 2.257 
0.0518 0.1383 0.1312 2.101 0 0 2.371 2.233 
0.052 0.1374 0.1312 2.077 0 0 2.346 2.209 
0.0522 0.1365 0.1312 2.054 0 0 2.321 2.185 
0.0524 0.1356 0.1313 2.03 0 0 2.297 2.162 
0.0526 0.1348 0.1313 2.007 0 0 2.273 2.139 
0.0528 0.1339 0.1313 1.985 0 0 2.25 2.116 
0.053 0.1331 0.1313 1.963 0 0 2.227 2.094 
0.0532 0.1322 0.1313 1.941 0 0 2.204 2.072 
0.0534 0.1314 0.1313 1.919 0 0 2.182 2.05 
0.0536 0.1306 0.1313 1.898 0 0 2.159 2.029 
0.0538 0.1297 0.1313 1.877 0 0 2.138 2.008 
0.054 0.1289 0.1313 1.856 0 0 2.116 1.987 
0.0542 0.1281 0.1313 1.835 0 0 2.095 1.967 
0.0544 0.1273 0.1314 1.815 0 0 2.074 1.947 
0.0546 0.1266 0.1314 1.796 0 0 2.053 1.927 
0.0548 0.1258 0.1314 1.776 0 0 2.033 1.907 
0.055 0.125 0.1314 1.757 0 0 2.013 1.888 
0.0552 0.1243 0.1314 1.738 0 0 1.993 1.869 
0.0554 0.1235 0.1314 1.719 0 0 1.974 1.85 
0.0556 0.1228 0.1314 1.701 0 0 1.955 1.832 
0.0558 0.122 0.1314 1.682 0 0 1.936 1.814 
0.056 0.1213 0.1314 1.664 0 0 1.917 1.796 
0.0562 0.1206 0.1314 1.647 0 0 1.899 1.778 
0.0564 0.1198 0.1314 1.629 0 0 1.881 1.761 
0.0566 0.1191 0.1314 1.612 0 0 1.863 1.744 
0.0568 0.1184 0.1314 1.595 0 0 1.845 1.727 
0.057 0.1177 0.1314 1.578 0 0 1.828 1.71 
0.0572 0.117 0.1314 1.562 0 0 1.81 1.693 
0.0574 0.1163 0.1314 1.546 0 0 1.793 1.677 
0.0576 0.1157 0.1314 1.53 0 0 1.777 1.661 
0.0578 0.115 0.1314 1.514 0 0 1.76 1.645 
0.058 0.1143 0.1314 1.498 0 0 1.744 1.63 
0.0582 0.1136 0.1314 1.483 0 0 1.728 1.614 
0.0584 0.113 0.1314 1.468 0 0 1.712 1.599 
0.0586 0.1123 0.1314 1.453 0 0 1.696 1.584 
0.0588 0.1117 0.1314 1.438 0 0 1.681 1.569 
0.059 0.1111 0.1314 1.423 0 0 1.666 1.555 
0.0592 0.1104 0.1314 1.409 0 0 1.651 1.54 
0.0594 0.1098 0.1314 1.395 0 0 1.636 1.526 
0.0596 0.1092 0.1314 1.381 0 0 1.621 1.512 
0.0598 0.1086 0.1314 1.367 0 0 1.607 1.498 
0.06 0.1079 0.1313 1.353 0 0 1.593 1.485 
0.0602 0.1073 0.1313 1.34 0 0 1.579 1.471 
0.0604 0.1067 0.1313 1.327 0 0 1.565 1.458 
0.0606 0.1061 0.1313 1.313 0 0 1.551 1.445 
0.0608 0.1055 0.1313 1.3 0 0 1.537 1.432 
0.061 0.105 0.1313 1.288 0 0 1.524 1.419 
0.0612 0.1044 0.1313 1.275 0 0 1.511 1.406 
0.0614 0.1038 0.1313 1.263 0 0 1.498 1.394 
0.0616 0.1032 0.1313 1.25 0 0 1.485 1.382 
0.0618 0.1027 0.1313 1.238 0 0 1.472 1.37 
0.062 0.1021 0.1313 1.226 0 0 1.46 1.358 
0.0622 0.1016 0.1313 1.214 0 0 1.447 1.346 
0.0624 0.101 0.1313 1.203 0 0 1.435 1.334 
0.0626 0.1005 0.1312 1.191 0 0 1.423 1.322 
0.0628 0.09991 0.1312 1.18 0 0 1.411 1.311 
0.063 0.09938 0.1312 1.169 0 0 1.399 1.3 
0.0632 0.09884 0.1312 1.158 0 0 1.388 1.289 
0.0634 0.09831 0.1312 1.147 0 0 1.376 1.278 
0.0636 0.09779 0.1312 1.136 0 0 1.365 1.267 
0.0638 0.09727 0.1312 1.125 0 0 1.353 1.256 
0.064 0.09675 0.1312 1.114 0 0 1.342 1.246 
0.0642 0.09624 0.1311 1.104 0 0 1.331 1.235 
0.0644 0.09573 0.1311 1.094 0 0 1.321 1.225 
0.0646 0.09523 0.1311 1.084 0 0 1.31 1.215 
0.0648 0.09473 0.1311 1.074 0 0 1.299 1.205 
0.065 0.09424 0.1311 1.064 0 0 1.289 1.195 
0.0652 0.09374 0.1311 1.054 0 0 1.279 1.185 
0.0654 0.09326 0.1311 1.044 0 0 1.268 1.175 
0.0656 0.09277 0.1311 1.035 0 0 1.258 1.166 
0.0658 0.09229 0.131 1.025 0 0 1.248 1.156 
0.066 0.09182 0.131 1.016 0 0 1.239 1.147 
0.0662 0.09135 0.131 1.007 0 0 1.229 1.138 
0.0664 0.09088 0.131 0.9974 0 0 1.219 1.128 
0.0666 0.09041 0.131 0.9884 0 0 1.21 1.119 
0.0668 0.08995 0.131 0.9795 0 0 1.2 1.11 
0.067 0.08949 0.1309 0.9707 0 0 1.191 1.102 
0.0672 0.08904 0.1309 0.962 0 0 1.182 1.093 
0.0674 0.08859 0.1309 0.9534 0 0 1.173 1.084 
0.0676 0.08814 0.1309 0.945 0 0 1.164 1.076 
0.0678 0.0877 0.1309 0.9366 0 0 1.155 1.067 
0.068 0.08726 0.1309 0.9283 0 0 1.146 1.059 
0.0682 0.08682 0.1308 0.9201 0 0 1.138 1.051 
0.0684 0.08639 0.1308 0.912 0 0 1.129 1.043 
0.0686 0.08596 0.1308 0.904 0 0 1.121 1.035 
0.0688 0.08553 0.1308 0.8961 0 0 1.112 1.027 
0.069 0.08511 0.1308 0.8882 0 0 1.104 1.019 
0.0692 0.08469 0.1307 0.8805 0 0 1.096 1.011 
0.0694 0.08427 0.1307 0.8729 0 0 1.088 1.004 
0.0696 0.08386 0.1307 0.8653 0 0 1.08 0.996 
0.0698 0.08345 0.1307 0.8578 0 0 1.072 0.9885 
0.07 0.08304 0.1307 0.8505 0 0 1.064 0.9811 
0.0702 0.08264 0.1306 0.8432 0 0 1.056 0.9738 
0.0704 0.08223 0.1306 0.8359 0 0 1.049 0.9666 
0.0706 0.08183 0.1306 0.8288 0 0 1.041 0.9594 
0.0708 0.08144 0.1306 0.8217 0 0 1.034 0.9523 
0.071 0.08105 0.1306 0.8148 0 0 1.026 0.9453 
0.0712 0.08066 0.1305 0.8079 0 0 1.019 0.9384 
0.0714 0.08027 0.1305 0.801 0 0 1.012 0.9316 
0.0716 0.07988 0.1305 0.7943 0 0 1.005 0.9248 
0.0718 0.0795 0.1305 0.7876 0 0 0.9976 0.9181 
0.072 0.07912 0.1305 0.781 0 0 0.9906 0.9115 
0.0722 0.07875 0.1304 0.7745 0 0 0.9837 0.9049 
0.0724 0.07837 0.1304 0.768 0 0 0.9768 0.8984 
0.0726 0.078 0.1304 0.7616 0 0 0.97 0.892 
0.0728 0.07763 0.1304 0.7553 0 0 0.9633 0.8857 
0.073 0.07727 0.1303 0.7491 0 0 0.9567 0.8794 
0.0732 0.07691 0.1303 0.7429 0 0 0.9501 0.8732 
0.0734 0.07655 0.1303 0.7368 0 0 0.9437 0.8671 
0.0736 0.07619 0.1303 0.7308 0 0 0.9372 0.861 
0.0738 0.07583 0.1303 0.7248 0 0 0.9309 0.855 
0.074 0.07548 0.1302 0.7189 0 0 0.9246 0.8491 
0.0742 0.07513 0.1302 0.713 0 0 0.9184 0.8432 
0.0744 0.07478 0.1302 0.7072 0 0 0.9122 0.8374 
0.0746 0.07444 0.1302 0.7015 0 0 0.9061 0.8317 
0.0748 0.07409 0.1301 0.6958 0 0 0.9001 0.826 
0.075 0.07375 0.1301 0.6902 0 0 0.8941 0.8203 
0.0752 0.07341 0.1301 0.6847 0 0 0.8882 0.8148 
0.0754 0.07308 0.1301 0.6792 0 0 0.8823 0.8093 
0.0756 0.07275 0.13 0.6738 0 0 0.8766 0.8038 
0.0758 0.07241 0.13 0.6684 0 0 0.8708 0.7984 
0.076 0.07208 0.13 0.6631 0 0 0.8652 0.7931 
0.0762 0.07176 0.13 0.6578 0 0 0.8595 0.7878 
0.0764 0.07143 0.1299 0.6526 0 0 0.854 0.7826 
0.0766 0.07111 0.1299 0.6475 0 0 0.8485 0.7774 
0.0768 0.07079 0.1299 0.6424 0 0 0.843 0.7723 
0.077 0.07047 0.1299 0.6373 0 0 0.8377 0.7672 
0.0772 0.07016 0.1298 0.6323 0 0 0.8323 0.7622 
0.0774 0.06984 0.1298 0.6274 0 0 0.827 0.7572 
0.0776 0.06953 0.1298 0.6225 0 0 0.8218 0.7523 
0.0778 0.06922 0.1298 0.6177 0 0 0.8166 0.7474 
0.078 0.06891 0.1297 0.6129 0 0 0.8115 0.7426 
0.0782 0.06861 0.1297 0.6081 0 0 0.8064 0.7378 
0.0784 0.06831 0.1297 0.6034 0 0 0.8014 0.7331 
0.0786 0.068 0.1296 0.5988 0 0 0.7964 0.7284 
0.0788 0.0677 0.1296 0.5942 0 0 0.7915 0.7238 
0.079 0.06741 0.1296 0.5896 0 0 0.7866 0.7192 
0.0792 0.06711 0.1296 0.5851 0 0 0.7818 0.7147 
0.0794 0.06682 0.1295 0.5807 0 0 0.777 0.7102 
0.0796 0.06653 0.1295 0.5763 0 0 0.7723 0.7058 
0.0798 0.06624 0.1295 0.5719 0 0 0.7676 0.7014 
0.08 0.06595 0.1295 0.5676 0 0 0.763 0.697 
0.0802 0.06566 0.1294 0.5633 0 0 0.7584 0.6927 
0.0804 0.06538 0.1294 0.559 0 0 0.7538 0.6884 
0.0806 0.0651 0.1294 0.5548 0 0 0.7493 0.6842 
0.0808 0.06482 0.1293 0.5507 0 0 0.7448 0.68 
0.081 0.06454 0.1293 0.5466 0 0 0.7404 0.6759 
0.0812 0.06426 0.1293 0.5425 0 0 0.736 0.6718 
0.0814 0.06399 0.1293 0.5385 0 0 0.7317 0.6677 
0.0816 0.06371 0.1292 0.5345 0 0 0.7274 0.6637 
0.0818 0.06344 0.1292 0.5305 0 0 0.7231 0.6597 
0.082 0.06317 0.1292 0.5266 0 0 0.7189 0.6557 
0.0822 0.0629 0.1291 0.5227 0 0 0.7147 0.6518 
0.0824 0.06264 0.1291 0.5189 0 0 0.7106 0.648 
0.0826 0.06237 0.1291 0.515 0 0 0.7065 0.6441 
0.0828 0.06211 0.1291 0.5113 0 0 0.7024 0.6403 
0.083 0.06185 0.129 0.5075 0 0 0.6984 0.6366 
0.0832 0.06159 0.129 0.5038 0 0 0.6944 0.6328 
0.0834 0.06133 0.129 0.5002 0 0 0.6905 0.6291 
0.0836 0.06107 0.1289 0.4966 0 0 0.6866 0.6255 
0.0838 0.06082 0.1289 0.493 0 0 0.6827 0.6219 
0.084 0.06056 0.1289 0.4894 0 0 0.6788 0.6183 
0.0842 0.06031 0.1288 0.4859 0 0 0.675 0.6147 
0.0844 0.06006 0.1288 0.4824 0 0 0.6713 0.6112 
0.0846 0.05981 0.1288 0.4789 0 0 0.6675 0.6077 
0.0848 0.05956 0.1288 0.4755 0 0 0.6638 0.6043 
0.085 0.05932 0.1287 0.4721 0 0 0.6602 0.6008 
0.0852 0.05907 0.1287 0.4688 0 0 0.6565 0.5974 
0.0854 0.05883 0.1287 0.4654 0 0 0.6529 0.5941 
0.0856 0.05859 0.1286 0.4621 0 0 0.6493 0.5908 
0.0858 0.05835 0.1286 0.4589 0 0 0.6458 0.5875 
0.086 0.05811 0.1286 0.4556 0 0 0.6423 0.5842 
0.0862 0.05788 0.1285 0.4524 0 0 0.6388 0.581 
0.0864 0.05764 0.1285 0.4492 0 0 0.6354 0.5777 
0.0866 0.05741 0.1285 0.4461 0 0 0.632 0.5746 
0.0868 0.05717 0.1284 0.443 0 0 0.6286 0.5714 
0.087 0.05694 0.1284 0.4399 0 0 0.6252 0.5683 
0.0872 0.05671 0.1284 0.4368 0 0 0.6219 0.5652 
0.0874 0.05648 0.1283 0.4338 0 0 0.6186 0.5621 
0.0876 0.05626 0.1283 0.4308 0 0 0.6154 0.5591 
0.0878 0.05603 0.1283 0.4278 0 0 0.6121 0.5561 
0.088 0.05581 0.1283 0.4249 0 0 0.6089 0.5531 
0.0882 0.05558 0.1282 0.4219 0 0 0.6057 0.5501 
0.0884 0.05536 0.1282 0.419 0 0 0.6026 0.5472 
0.0886 0.05514 0.1282 0.4162 0 0 0.5995 0.5443 
0.0888 0.05492 0.1281 0.4133 0 0 0.5964 0.5414 
0.089 0.05471 0.1281 0.4105 0 0 0.5933 0.5386 
0.0892 0.05449 0.1281 0.4077 0 0 0.5903 0.5358 
0.0894 0.05427 0.128 0.4049 0 0 0.5872 0.533 
0.0896 0.05406 0.128 0.4022 0 0 0.5842 0.5302 
0.0898 0.05385 0.128 0.3995 0 0 0.5813 0.5274 
0.09 0.05364 0.1279 0.3968 0 0 0.5783 0.5247 
0.0902 0.05343 0.1279 0.3941 0 0 0.5754 0.522 
0.0904 0.05322 0.1279 0.3915 0 0 0.5725 0.5193 
0.0906 0.05301 0.1278 0.3888 0 0 0.5697 0.5167 
0.0908 0.0528 0.1278 0.3862 0 0 0.5668 0.514 
0.091 0.0526 0.1278 0.3836 0 0 0.564 0.5114 
0.0912 0.05239 0.1277 0.3811 0 0 0.5612 0.5088 
0.0914 0.05219 0.1277 0.3786 0 0 0.5584 0.5063 
0.0916 0.05199 0.1277 0.376 0 0 0.5557 0.5037 
0.0918 0.05179 0.1276 0.3736 0 0 0.553 0.5012 
0.092 0.05159 0.1276 0.3711 0 0 0.5503 0.4987 
0.0922 0.05139 0.1276 0.3686 0 0 0.5476 0.4962 
0.0924 0.05119 0.1275 0.3662 0 0 0.5449 0.4938 
0.0926 0.051 0.1275 0.3638 0 0 0.5423 0.4913 
0.0928 0.0508 0.1275 0.3614 0 0 0.5397 0.4889 
0.093 0.05061 0.1274 0.3591 0 0 0.5371 0.4865 
0.0932 0.05041 0.1274 0.3567 0 0 0.5345 0.4841 
0.0934 0.05022 0.1274 0.3544 0 0 0.532 0.4818 
0.0936 0.05003 0.1273 0.3521 0 0 0.5295 0.4794 
0.0938 0.04984 0.1273 0.3498 0 0 0.527 0.4771 
0.094 0.04965 0.1273 0.3476 0 0 0.5245 0.4748 
0.0942 0.04947 0.1272 0.3453 0 0 0.522 0.4725 
0.0944 0.04928 0.1272 0.3431 0 0 0.5196 0.4703 
0.0946 0.04909 0.1272 0.3409 0 0 0.5171 0.4681 
0.0948 0.04891 0.1271 0.3387 0 0 0.5147 0.4658 
0.095 0.04873 0.1271 0.3365 0 0 0.5124 0.4636 
0.0952 0.04854 0.1271 0.3344 0 0 0.51 0.4614 
0.0954 0.04836 0.127 0.3322 0 0 0.5076 0.4593 
0.0956 0.04818 0.127 0.3301 0 0 0.5053 0.4571 
0.0958 0.048 0.127 0.328 0 0 0.503 0.455 
0.096 0.04782 0.1269 0.326 0 0 0.5007 0.4529 
0.0962 0.04765 0.1269 0.3239 0 0 0.4984 0.4508 
0.0964 0.04747 0.1269 0.3219 0 0 0.4962 0.4487 
0.0966 0.0473 0.1268 0.3198 0 0 0.4939 0.4467 
0.0968 0.04712 0.1268 0.3178 0 0 0.4917 0.4446 
0.097 0.04695 0.1268 0.3158 0 0 0.4895 0.4426 
0.0972 0.04678 0.1267 0.3138 0 0 0.4873 0.4406 
0.0974 0.0466 0.1267 0.3119 0 0 0.4852 0.4386 
0.0976 0.04643 0.1266 0.3099 0 0 0.483 0.4366 
0.0978 0.04626 0.1266 0.308 0 0 0.4809 0.4346 
0.098 0.04609 0.1266 0.3061 0 0 0.4788 0.4327 
0.0982 0.04593 0.1265 0.3042 0 0 0.4767 0.4308 
0.0984 0.04576 0.1265 0.3023 0 0 0.4746 0.4288 
0.0986 0.04559 0.1265 0.3005 0 0 0.4725 0.4269 
0.0988 0.04543 0.1264 0.2986 0 0 0.4705 0.425 
0.099 0.04526 0.1264 0.2968 0 0 0.4684 0.4232 
0.0992 0.0451 0.1264 0.2949 0 0 0.4664 0.4213 
0.0994 0.04494 0.1263 0.2931 0 0 0.4644 0.4195 
0.0996 0.04478 0.1263 0.2914 0 0 0.4624 0.4177 
0.0998 0.04462 0.1263 0.2896 0 0 0.4605 0.4158 
0.1 0.04446 0.1262 0.2878 0 0 0.4585 0.414 
0.1002 0.0443 0.1262 0.2861 0 0 0.4566 0.4123 
0.1004 0.04414 0.1262 0.2843 0 0 0.4546 0.4105 
0.1006 0.04398 0.1261 0.2826 0 0 0.4527 0.4087 
0.1008 0.04382 0.1261 0.2809 0 0 0.4508 0.407 
0.101 0.04367 0.1261 0.2792 0 0 0.4489 0.4053 
0.1012 0.04351 0.126 0.2775 0 0 0.4471 0.4035 
0.1014 0.04336 0.126 0.2759 0 0 0.4452 0.4018 
0.1016 0.04321 0.1259 0.2742 0 0 0.4434 0.4002 
0.1018 0.04305 0.1259 0.2726 0 0 0.4415 0.3985 
0.102 0.0429 0.1259 0.2709 0 0 0.4397 0.3968 
0.1022 0.04275 0.1258 0.2693 0 0 0.4379 0.3952 
0.1024 0.0426 0.1258 0.2677 0 0 0.4361 0.3935 
0.1026 0.04245 0.1258 0.2661 0 0 0.4344 0.3919 
0.1028 0.0423 0.1257 0.2646 0 0 0.4326 0.3903 
0.103 0.04215 0.1257 0.263 0 0 0.4308 0.3887 
0.1032 0.04201 0.1257 0.2614 0 0 0.4291 0.3871 
0.1034 0.04186 0.1256 0.2599 0 0 0.4274 0.3855 
0.1036 0.04172 0.1256 0.2584 0 0 0.4257 0.384 
0.1038 0.04157 0.1256 0.2569 0 0 0.424 0.3824 
0.104 0.04143 0.1255 0.2553 0 0 0.4223 0.3809 
0.1042 0.04128 0.1255 0.2539 0 0 0.4206 0.3793 
0.1044 0.04114 0.1255 0.2524 0 0 0.419 0.3778 
0.1046 0.041 0.1254 0.2509 0 0 0.4173 0.3763 
0.1048 0.04086 0.1254 0.2494 0 0 0.4157 0.3748 
0.105 0.04072 0.1253 0.248 0 0 0.4141 0.3733 
0.1052 0.04058 0.1253 0.2466 0 0 0.4124 0.3719 
0.1054 0.04044 0.1253 0.2451 0 0 0.4108 0.3704 
0.1056 0.0403 0.1252 0.2437 0 0 0.4093 0.369 
0.1058 0.04016 0.1252 0.2423 0 0 0.4077 0.3675 
0.106 0.04003 0.1252 0.2409 0 0 0.4061 0.3661 
0.1062 0.03989 0.1251 0.2395 0 0 0.4046 0.3647 
0.1064 0.03975 0.1251 0.2382 0 0 0.403 0.3633 
0.1066 0.03962 0.1251 0.2368 0 0 0.4015 0.3619 
0.1068 0.03949 0.125 0.2355 0 0 0.4 0.3605 
0.107 0.03935 0.125 0.2341 0 0 0.3984 0.3591 
0.1072 0.03922 0.1249 0.2328 0 0 0.397 0.3577 
0.1074 0.03909 0.1249 0.2315 0 0 0.3955 0.3564 
0.1076 0.03896 0.1249 0.2302 0 0 0.394 0.355 
0.1078 0.03882 0.1248 0.2289 0 0 0.3925 0.3537 
0.108 0.03869 0.1248 0.2276 0 0 0.3911 0.3524 
0.1082 0.03856 0.1248 0.2263 0 0 0.3896 0.351 
0.1084 0.03844 0.1247 0.225 0 0 0.3882 0.3497 
0.1086 0.03831 0.1247 0.2237 0 0 0.3867 0.3484 
0.1088 0.03818 0.1247 0.2225 0 0 0.3853 0.3471 
0.109 0.03805 0.1246 0.2212 0 0 0.3839 0.3459 
0.1092 0.03793 0.1246 0.22 0 0 0.3825 0.3446 
0.1094 0.0378 0.1245 0.2188 0 0 0.3811 0.3433 
0.1096 0.03768 0.1245 0.2176 0 0 0.3798 0.3421 
0.1098 0.03755 0.1245 0.2164 0 0 0.3784 0.3408 
0.11 0.03743 0.1244 0.2152 0 0 0.377 0.3396 
0.1102 0.0373 0.1244 0.214 0 0 0.3757 0.3384 
0.1104 0.03718 0.1244 0.2128 0 0 0.3743 0.3372 
0.1106 0.03706 0.1243 0.2116 0 0 0.373 0.3359 
0.1108 0.03694 0.1243 0.2104 0 0 0.3717 0.3347 
0.111 0.03682 0.1243 0.2093 0 0 0.3704 0.3335 
0.1112 0.0367 0.1242 0.2081 0 0 0.3691 0.3324 
0.1114 0.03658 0.1242 0.207 0 0 0.3678 0.3312 
0.1116 0.03646 0.1241 0.2059 0 0 0.3665 0.33 
0.1118 0.03634 0.1241 0.2048 0 0 0.3652 0.3289 
0.112 0.03622 0.1241 0.2036 0 0 0.3639 0.3277 
0.1122 0.0361 0.124 0.2025 0 0 0.3627 0.3266 
0.1124 0.03599 0.124 0.2014 0 0 0.3614 0.3254 
0.1126 0.03587 0.124 0.2003 0 0 0.3602 0.3243 
0.1128 0.03575 0.1239 0.1993 0 0 0.3589 0.3232 
0.113 0.03564 0.1239 0.1982 0 0 0.3577 0.3221 
0.1132 0.03552 0.1239 0.1971 0 0 0.3565 0.321 
0.1134 0.03541 0.1238 0.1961 0 0 0.3553 0.3199 
0.1136 0.0353 0.1238 0.195 0 0 0.3541 0.3188 
0.1138 0.03518 0.1237 0.194 0 0 0.3529 0.3177 
0.114 0.03507 0.1237 0.1929 0 0 0.3517 0.3166 
0.1142 0.03496 0.1237 0.1919 0 0 0.3505 0.3156 
0.1144 0.03485 0.1236 0.1909 0 0 0.3493 0.3145 
0.1146 0.03474 0.1236 0.1898 0 0 0.3482 0.3134 
0.1148 0.03463 0.1236 0.1888 0 0 0.347 0.3124 
0.115 0.03452 0.1235 0.1878 0 0 0.3459 0.3114 
0.1152 0.03441 0.1235 0.1868 0 0 0.3447 0.3103 
0.1154 0.0343 0.1235 0.1859 0 0 0.3436 0.3093 
0.1156 0.03419 0.1234 0.1849 0 0 0.3425 0.3083 
0.1158 0.03408 0.1234 0.1839 0 0 0.3414 0.3073 
0.116 0.03398 0.1233 0.1829 0 0 0.3403 0.3063 
0.1162 0.03387 0.1233 0.182 0 0 0.3392 0.3053 
0.1164 0.03376 0.1233 0.181 0 0 0.3381 0.3043 
0.1166 0.03366 0.1232 0.1801 0 0 0.337 0.3033 
0.1168 0.03355 0.1232 0.1791 0 0 0.3359 0.3023 
0.117 0.03345 0.1232 0.1782 0 0 0.3348 0.3014 
0.1172 0.03334 0.1231 0.1773 0 0 0.3337 0.3004 
0.1174 0.03324 0.1231 0.1764 0 0 0.3327 0.2994 
0.1176 0.03313 0.123 0.1754 0 0 0.3316 0.2985 
0.1178 0.03303 0.123 0.1745 0 0 0.3306 0.2975 
0.118 0.03293 0.123 0.1736 0 0 0.3295 0.2966 
0.1182 0.03283 0.1229 0.1727 0 0 0.3285 0.2957 
0.1184 0.03273 0.1229 0.1718 0 0 0.3275 0.2947 
0.1186 0.03263 0.1229 0.171 0 0 0.3264 0.2938 
0.1188 0.03252 0.1228 0.1701 0 0 0.3254 0.2929 
0.119 0.03242 0.1228 0.1692 0 0 0.3244 0.292 
0.1192 0.03232 0.1228 0.1683 0 0 0.3234 0.2911 
0.1194 0.03223 0.1227 0.1675 0 0 0.3224 0.2902 
0.1196 0.03213 0.1227 0.1666 0 0 0.3214 0.2893 
0.1198 0.03203 0.1226 0.1658 0 0 0.3205 0.2884 
0.12 0.03193 0.1226 0.1649 0 0 0.3195 0.2875 
0.1202 0.03183 0.1226 0.1641 0 0 0.3185 0.2867 
0.1204 0.03174 0.1225 0.1633 0 0 0.3175 0.2858 
0.1206 0.03164 0.1225 0.1624 0 0 0.3166 0.2849 
0.1208 0.03154 0.1225 0.1616 0 0 0.3156 0.2841 
0.121 0.03145 0.1224 0.1608 0 0 0.3147 0.2832 
0.1212 0.03135 0.1224 0.16 0 0 0.3137 0.2824 
0.1214 0.03126 0.1223 0.1592 0 0 0.3128 0.2815 
0.1216 0.03116 0.1223 0.1584 0 0 0.3119 0.2807 
0.1218 0.03107 0.1223 0.1576 0 0 0.3109 0.2799 
0.122 0.03098 0.1222 0.1568 0 0 0.31 0.2791 
0.1222 0.03088 0.1222 0.156 0 0 0.3091 0.2782 
0.1224 0.03079 0.1222 0.1553 0 0 0.3082 0.2774 
0.1226 0.0307 0.1221 0.1545 0 0 0.3073 0.2766 
0.1228 0.03061 0.1221 0.1537 0 0 0.3064 0.2758 
0.123 0.03052 0.1221 0.1529 0 0 0.3055 0.275 
0.1232 0.03042 0.122 0.1522 0 0 0.3046 0.2742 
0.1234 0.03033 0.122 0.1514 0 0 0.3038 0.2734 
0.1236 0.03024 0.1219 0.1507 0 0 0.3029 0.2726 
0.1238 0.03015 0.1219 0.1499 0 0 0.302 0.2719 
0.124 0.03006 0.1219 0.1492 0 0 0.3011 0.2711 
0.1242 0.02997 0.1218 0.1485 0 0 0.3003 0.2703 
0.1244 0.02989 0.1218 0.1478 0 0 0.2994 0.2695 
0.1246 0.0298 0.1218 0.147 0 0 0.2986 0.2688 
0.1248 0.02971 0.1217 0.1463 0 0 0.2977 0.268 
0.125 0.02962 0.1217 0.1456 0 0 0.2969 0.2673 
0.1252 0.02954 0.1216 0.1449 0 0 0.2961 0.2665 
0.1254 0.02945 0.1216 0.1442 0 0 0.2952 0.2658 
0.1256 0.02936 0.1216 0.1435 0 0 0.2944 0.2651 
0.1258 0.02928 0.1215 0.1428 0 0 0.2936 0.2643 
0.126 0.02919 0.1215 0.1421 0 0 0.2928 0.2636 
0.1262 0.02911 0.1215 0.1414 0 0 0.292 0.2629 
0.1264 0.02902 0.1214 0.1407 0 0 0.2912 0.2622 
0.1266 0.02894 0.1214 0.14 0 0 0.2904 0.2614 
0.1268 0.02885 0.1214 0.1394 0 0 0.2896 0.2607 
0.127 0.02877 0.1213 0.1387 0 0 0.2888 0.26 
0.1272 0.02869 0.1213 0.138 0 0 0.288 0.2593 
0.1274 0.0286 0.1212 0.1374 0 0 0.2872 0.2586 
0.1276 0.02852 0.1212 0.1367 0 0 0.2864 0.2579 
0.1278 0.02844 0.1212 0.1361 0 0 0.2857 0.2572 
0.128 0.02836 0.1211 0.1354 0 0 0.2849 0.2566 
0.1282 0.02827 0.1211 0.1348 0 0 0.2841 0.2559 
0.1284 0.02819 0.1211 0.1341 0 0 0.2834 0.2552 
0.1286 0.02811 0.121 0.1335 0 0 0.2826 0.2545 
0.1288 0.02803 0.121 0.1329 0 0 0.2819 0.2539 
0.129 0.02795 0.1209 0.1322 0 0 0.2811 0.2532 
0.1292 0.02787 0.1209 0.1316 0 0 0.2804 0.2525 
0.1294 0.02779 0.1209 0.131 0 0 0.2797 0.2519 
0.1296 0.02771 0.1208 0.1304 0 0 0.2789 0.2512 
0.1298 0.02763 0.1208 0.1298 0 0 0.2782 0.2506 
0.13 0.02755 0.1208 0.1292 0 0 0.2775 0.2499 
0.1302 0.02748 0.1207 0.1286 0 0 0.2768 0.2493 
0.1304 0.0274 0.1207 0.1279 0 0 0.276 0.2486 
0.1306 0.02732 0.1207 0.1274 0 0 0.2753 0.248 
0.1308 0.02724 0.1206 0.1268 0 0 0.2746 0.2474 
0.131 0.02717 0.1206 0.1262 0 0 0.2739 0.2467 
0.1312 0.02709 0.1205 0.1256 0 0 0.2732 0.2461 
0.1314 0.02701 0.1205 0.125 0 0 0.2725 0.2455 
0.1316 0.02694 0.1205 0.1244 0 0 0.2718 0.2449 
0.1318 0.02686 0.1204 0.1238 0 0 0.2711 0.2443 
0.132 0.02679 0.1204 0.1233 0 0 0.2705 0.2437 
0.1322 0.02671 0.1204 0.1227 0 0 0.2698 0.2431 
0.1324 0.02664 0.1203 0.1221 0 0 0.2691 0.2425 
0.1326 0.02656 0.1203 0.1216 0 0 0.2684 0.2419 
0.1328 0.02649 0.1203 0.121 0 0 0.2678 0.2413 
0.133 0.02642 0.1202 0.1205 0 0 0.2671 0.2407 
0.1332 0.02634 0.1202 0.1199 0 0 0.2664 0.2401 
0.1334 0.02627 0.1201 0.1194 0 0 0.2658 0.2395 
0.1336 0.0262 0.1201 0.1188 0 0 0.2651 0.2389 
0.1338 0.02612 0.1201 0.1183 0 0 0.2645 0.2383 
0.134 0.02605 0.12 0.1177 0 0 0.2638 0.2378 
0.1342 0.02598 0.12 0.1172 0 0 0.2632 0.2372 
0.1344 0.02591 0.12 0.1167 0 0 0.2625 0.2366 
0.1346 0.02584 0.1199 0.1161 0 0 0.2619 0.2361 
0.1348 0.02576 0.1199 0.1156 0 0 0.2613 0.2355 
0.135 0.02569 0.1198 0.1151 0 0 0.2606 0.2349 
0.1352 0.02562 0.1198 0.1146 0 0 0.26 0.2344 
0.1354 0.02555 0.1198 0.1141 0 0 0.2594 0.2338 
0.1356 0.02548 0.1197 0.1135 0 0 0.2588 0.2333 
0.1358 0.02541 0.1197 0.113 0 0 0.2582 0.2327 
0.136 0.02534 0.1197 0.1125 0 0 0.2575 0.2322 
0.1362 0.02528 0.1196 0.112 0 0 0.2569 0.2317 
0.1364 0.02521 0.1196 0.1115 0 0 0.2563 0.2311 
0.1366 0.02514 0.1196 0.111 0 0 0.2557 0.2306 
0.1368 0.02507 0.1195 0.1105 0 0 0.2551 0.2301 
0.137 0.025 0.1195 0.11 0 0 0.2545 0.2295 
0.1372 0.02493 0.1194 0.1096 0 0 0.2539 0.229 
0.1374 0.02487 0.1194 0.1091 0 0 0.2533 0.2285 
0.1376 0.0248 0.1194 0.1086 0 0 0.2528 0.228 
0.1378 0.02473 0.1193 0.1081 0 0 0.2522 0.2274 
0.138 0.02467 0.1193 0.1076 0 0 0.2516 0.2269 
0.1382 0.0246 0.1193 0.1071 0 0 0.251 0.2264 
0.1384 0.02453 0.1192 0.1067 0 0 0.2504 0.2259 
0.1386 0.02447 0.1192 0.1062 0 0 0.2499 0.2254 
0.1388 0.0244 0.1192 0.1057 0 0 0.2493 0.2249 
0.139 0.02434 0.1191 0.1053 0 0 0.2487 0.2244 
0.1392 0.02427 0.1191 0.1048 0 0 0.2482 0.2239 
0.1394 0.02421 0.119 0.1044 0 0 0.2476 0.2234 
0.1396 0.02414 0.119 0.1039 0 0 0.2471 0.2229 
0.1398 0.02408 0.119 0.1035 0 0 0.2465 0.2224 
0.14 0.02402 0.1189 0.103 0 0 0.246 0.2219 
0.1402 0.02395 0.1189 0.1026 0 0 0.2454 0.2215 
0.1404 0.02389 0.1189 0.1021 0 0 0.2449 0.221 
0.1406 0.02382 0.1188 0.1017 0 0 0.2443 0.2205 
0.1408 0.02376 0.1188 0.1012 0 0 0.2438 0.22 
0.141 0.0237 0.1188 0.1008 0 0 0.2432 0.2195 
0.1412 0.02364 0.1187 0.1004 0 0 0.2427 0.2191 
0.1414 0.02357 0.1187 0.09992 0 0 0.2422 0.2186 
0.1416 0.02351 0.1186 0.09949 0 0 0.2416 0.2181 
0.1418 0.02345 0.1186 0.09906 0 0 0.2411 0.2177 
0.142 0.02339 0.1186 0.09864 0 0 0.2406 0.2172 
0.1422 0.02333 0.1185 0.09821 0 0 0.2401 0.2168 
0.1424 0.02327 0.1185 0.09779 0 0 0.2396 0.2163 
0.1426 0.02321 0.1185 0.09738 0 0 0.239 0.2158 
0.1428 0.02315 0.1184 0.09696 0 0 0.2385 0.2154 
0.143 0.02309 0.1184 0.09655 0 0 0.238 0.2149 
0.1432 0.02303 0.1184 0.09614 0 0 0.2375 0.2145 
0.1434 0.02297 0.1183 0.09573 0 0 0.237 0.214 
0.1436 0.02291 0.1183 0.09532 0 0 0.2365 0.2136 
0.1438 0.02285 0.1182 0.09492 0 0 0.236 0.2132 
0.144 0.02279 0.1182 0.09452 0 0 0.2355 0.2127 
0.1442 0.02273 0.1182 0.09412 0 0 0.235 0.2123 
0.1444 0.02267 0.1181 0.09372 0 0 0.2345 0.2119 
0.1446 0.02261 0.1181 0.09332 0 0 0.234 0.2114 
0.1448 0.02255 0.1181 0.09293 0 0 0.2336 0.211 
0.145 0.0225 0.118 0.09254 0 0 0.2331 0.2106 
0.1452 0.02244 0.118 0.09215 0 0 0.2326 0.2101 
0.1454 0.02238 0.118 0.09177 0 0 0.2321 0.2097 
0.1456 0.02232 0.1179 0.09138 0 0 0.2316 0.2093 
0.1458 0.02227 0.1179 0.091 0 0 0.2312 0.2089 
0.146 0.02221 0.1179 0.09062 0 0 0.2307 0.2085 
0.1462 0.02215 0.1178 0.09024 0 0 0.2302 0.2081 
0.1464 0.0221 0.1178 0.08987 0 0 0.2297 0.2076 
0.1466 0.02204 0.1177 0.0895 0 0 0.2293 0.2072 
0.1468 0.02198 0.1177 0.08912 0 0 0.2288 0.2068 
0.147 0.02193 0.1177 0.08875 0 0 0.2284 0.2064 
0.1472 0.02187 0.1176 0.08839 0 0 0.2279 0.206 
0.1474 0.02182 0.1176 0.08802 0 0 0.2274 0.2056 
0.1476 0.02176 0.1176 0.08766 0 0 0.227 0.2052 
0.1478 0.02171 0.1175 0.0873 0 0 0.2265 0.2048 
0.148 0.02165 0.1175 0.08694 0 0 0.2261 0.2044 
0.1482 0.0216 0.1175 0.08658 0 0 0.2256 0.204 
0.1484 0.02154 0.1174 0.08623 0 0 0.2252 0.2036 
0.1486 0.02149 0.1174 0.08587 0 0 0.2247 0.2033 
0.1488 0.02143 0.1173 0.08552 0 0 0.2243 0.2029 
0.149 0.02138 0.1173 0.08517 0 0 0.2239 0.2025 
0.1492 0.02133 0.1173 0.08482 0 0 0.2234 0.2021 
0.1494 0.02127 0.1172 0.08448 0 0 0.223 0.2017 
0.1496 0.02122 0.1172 0.08413 0 0 0.2226 0.2013 
0.1498 0.02117 0.1172 0.08379 0 0 0.2221 0.201 
0.15 0.02111 0.1171 0.08345 0 0 0.2217 0.2006 
0.1502 0.02106 0.1171 0.08311 0 0 0.2213 0.2002 
0.1504 0.02101 0.1171 0.08278 0 0 0.2208 0.1998 
0.1506 0.02096 0.117 0.08244 0 0 0.2204 0.1995 
0.1508 0.02091 0.117 0.08211 0 0 0.22 0.1991 
0.151 0.02085 0.117 0.08178 0 0 0.2196 0.1987 
0.1512 0.0208 0.1169 0.08145 0 0 0.2192 0.1984 
0.1514 0.02075 0.1169 0.08112 0 0 0.2188 0.198 
0.1516 0.0207 0.1168 0.0808 0 0 0.2183 0.1976 
0.1518 0.02065 0.1168 0.08047 0 0 0.2179 0.1973 
0.152 0.0206 0.1168 0.08015 0 0 0.2175 0.1969 
0.1522 0.02055 0.1167 0.07983 0 0 0.2171 0.1966 
0.1524 0.0205 0.1167 0.07951 0 0 0.2167 0.1962 
0.1526 0.02045 0.1167 0.07919 0 0 0.2163 0.1959 
0.1528 0.0204 0.1166 0.07888 0 0 0.2159 0.1955 
0.153 0.02035 0.1166 0.07857 0 0 0.2155 0.1952 
0.1532 0.0203 0.1166 0.07825 0 0 0.2151 0.1948 
0.1534 0.02025 0.1165 0.07794 0 0 0.2147 0.1945 
0.1536 0.0202 0.1165 0.07763 0 0 0.2143 0.1941 
0.1538 0.02015 0.1165 0.07733 0 0 0.2139 0.1938 
0.154 0.0201 0.1164 0.07702 0 0 0.2135 0.1934 
0.1542 0.02005 0.1164 0.07672 0 0 0.2132 0.1931 
0.1544 0.02 0.1164 0.07641 0 0 0.2128 0.1928 
0.1546 0.01995 0.1163 0.07611 0 0 0.2124 0.1924 
0.1548 0.0199 0.1163 0.07582 0 0 0.212 0.1921 
0.155 0.01986 0.1162 0.07552 0 0 0.2116 0.1918 
0.1552 0.01981 0.1162 0.07522 0 0 0.2112 0.1914 
0.1554 0.01976 0.1162 0.07493 0 0 0.2109 0.1911 
0.1556 0.01971 0.1161 0.07463 0 0 0.2105 0.1908 
0.1558 0.01967 0.1161 0.07434 0 0 0.2101 0.1904 
0.156 0.01962 0.1161 0.07405 0 0 0.2097 0.1901 
0.1562 0.01957 0.116 0.07376 0 0 0.2094 0.1898 
0.1564 0.01952 0.116 0.07348 0 0 0.209 0.1895 
0.1566 0.01948 0.116 0.07319 0 0 0.2086 0.1892 
0.1568 0.01943 0.1159 0.07291 0 0 0.2083 0.1888 
0.157 0.01938 0.1159 0.07263 0 0 0.2079 0.1885 
0.1572 0.01934 0.1159 0.07234 0 0 0.2075 0.1882 
0.1574 0.01929 0.1158 0.07207 0 0 0.2072 0.1879 
0.1576 0.01925 0.1158 0.07179 0 0 0.2068 0.1876 
0.1578 0.0192 0.1158 0.07151 0 0 0.2065 0.1873 
0.158 0.01915 0.1157 0.07124 0 0 0.2061 0.187 
0.1582 0.01911 0.1157 0.07096 0 0 0.2058 0.1866 
0.1584 0.01906 0.1156 0.07069 0 0 0.2054 0.1863 
0.1586 0.01902 0.1156 0.07042 0 0 0.205 0.186 
0.1588 0.01897 0.1156 0.07015 0 0 0.2047 0.1857 
0.159 0.01893 0.1155 0.06988 0 0 0.2044 0.1854 
0.1592 0.01888 0.1155 0.06961 0 0 0.204 0.1851 
0.1594 0.01884 0.1155 0.06935 0 0 0.2037 0.1848 
0.1596 0.0188 0.1154 0.06908 0 0 0.2033 0.1845 
0.1598 0.01875 0.1154 0.06882 0 0 0.203 0.1842 
0.16 0.01871 0.1154 0.06856 0 0 0.2026 0.1839 
0.1602 0.01866 0.1153 0.0683 0 0 0.2023 0.1836 
0.1604 0.01862 0.1153 0.06804 0 0 0.202 0.1833 
0.1606 0.01858 0.1153 0.06778 0 0 0.2016 0.183 
0.1608 0.01853 0.1152 0.06753 0 0 0.2013 0.1828 
0.161 0.01849 0.1152 0.06727 0 0 0.201 0.1825 
0.1612 0.01845 0.1152 0.06702 0 0 0.2006 0.1822 
0.1614 0.0184 0.1151 0.06677 0 0 0.2003 0.1819 
0.1616 0.01836 0.1151 0.06651 0 0 0.2 0.1816 
0.1618 0.01832 0.1151 0.06626 0 0 0.1996 0.1813 
0.162 0.01828 0.115 0.06602 0 0 0.1993 0.181 
0.1622 0.01823 0.115 0.06577 0 0 0.199 0.1808 
0.1624 0.01819 0.1149 0.06552 0 0 0.1987 0.1805 
0.1626 0.01815 0.1149 0.06528 0 0 0.1983 0.1802 
0.1628 0.01811 0.1149 0.06503 0 0 0.198 0.1799 
0.163 0.01807 0.1148 0.06479 0 0 0.1977 0.1796 
0.1632 0.01802 0.1148 0.06455 0 0 0.1974 0.1794 
0.1634 0.01798 0.1148 0.06431 0 0 0.1971 0.1791 
0.1636 0.01794 0.1147 0.06407 0 0 0.1968 0.1788 
0.1638 0.0179 0.1147 0.06383 0 0 0.1964 0.1785 
0.164 0.01786 0.1147 0.0636 0 0 0.1961 0.1783 
0.1642 0.01782 0.1146 0.06336 0 0 0.1958 0.178 
0.1644 0.01778 0.1146 0.06313 0 0 0.1955 0.1777 
0.1646 0.01774 0.1146 0.0629 0 0 0.1952 0.1775 
0.1648 0.0177 0.1145 0.06266 0 0 0.1949 0.1772 
0.165 0.01766 0.1145 0.06243 0 0 0.1946 0.1769 
0.1652 0.01762 0.1145 0.0622 0 0 0.1943 0.1767 
0.1654 0.01758 0.1144 0.06198 0 0 0.194 0.1764 
0.1656 0.01754 0.1144 0.06175 0 0 0.1937 0.1761 
0.1658 0.0175 0.1144 0.06152 0 0 0.1934 0.1759 
0.166 0.01746 0.1143 0.0613 0 0 0.1931 0.1756 
0.1662 0.01742 0.1143 0.06107 0 0 0.1928 0.1754 
0.1664 0.01738 0.1143 0.06085 0 0 0.1925 0.1751 
0.1666 0.01734 0.1142 0.06063 0 0 0.1922 0.1749 
0.1668 0.0173 0.1142 0.06041 0 0 0.1919 0.1746 
0.167 0.01726 0.1142 0.06019 0 0 0.1916 0.1743 
0.1672 0.01722 0.1141 0.05997 0 0 0.1913 0.1741 
0.1674 0.01718 0.1141 0.05975 0 0 0.191 0.1738 
0.1676 0.01714 0.1141 0.05954 0 0 0.1907 0.1736 
0.1678 0.0171 0.114 0.05932 0 0 0.1904 0.1733 
0.168 0.01707 0.114 0.05911 0 0 0.1902 0.1731 
0.1682 0.01703 0.1139 0.05889 0 0 0.1899 0.1728 
0.1684 0.01699 0.1139 0.05868 0 0 0.1896 0.1726 
0.1686 0.01695 0.1139 0.05847 0 0 0.1893 0.1724 
0.1688 0.01691 0.1138 0.05826 0 0 0.189 0.1721 
0.169 0.01688 0.1138 0.05805 0 0 0.1887 0.1719 
0.1692 0.01684 0.1138 0.05784 0 0 0.1885 0.1716 
0.1694 0.0168 0.1137 0.05763 0 0 0.1882 0.1714 
0.1696 0.01676 0.1137 0.05743 0 0 0.1879 0.1711 
0.1698 0.01673 0.1137 0.05722 0 0 0.1876 0.1709 
0.17 0.01669 0.1136 0.05702 0 0 0.1874 0.1707 
0.1702 0.01665 0.1136 0.05682 0 0 0.1871 0.1704 
0.1704 0.01662 0.1136 0.05661 0 0 0.1868 0.1702 
0.1706 0.01658 0.1135 0.05641 0 0 0.1865 0.17 
0.1708 0.01654 0.1135 0.05621 0 0 0.1863 0.1697 
0.171 0.01651 0.1135 0.05601 0 0 0.186 0.1695 
0.1712 0.01647 0.1134 0.05581 0 0 0.1857 0.1693 
0.1714 0.01643 0.1134 0.05562 0 0 0.1855 0.169 
0.1716 0.0164 0.1134 0.05542 0 0 0.1852 0.1688 
0.1718 0.01636 0.1133 0.05522 0 0 0.1849 0.1686 
0.172 0.01632 0.1133 0.05503 0 0 0.1847 0.1683 
0.1722 0.01629 0.1133 0.05484 0 0 0.1844 0.1681 
0.1724 0.01625 0.1132 0.05464 0 0 0.1841 0.1679 
0.1726 0.01622 0.1132 0.05445 0 0 0.1839 0.1677 
0.1728 0.01618 0.1132 0.05426 0 0 0.1836 0.1674 
0.173 0.01615 0.1131 0.05407 0 0 0.1834 0.1672 
0.1732 0.01611 0.1131 0.05388 0 0 0.1831 0.167 
0.1734 0.01608 0.1131 0.05369 0 0 0.1828 0.1668 
0.1736 0.01604 0.113 0.05351 0 0 0.1826 0.1665 
0.1738 0.01601 0.113 0.05332 0 0 0.1823 0.1663 
0.174 0.01597 0.113 0.05313 0 0 0.1821 0.1661 
0.1742 0.01594 0.1129 0.05295 0 0 0.1818 0.1659 
0.1744 0.0159 0.1129 0.05276 0 0 0.1816 0.1657 
0.1746 0.01587 0.1129 0.05258 0 0 0.1813 0.1654 
0.1748 0.01583 0.1128 0.0524 0 0 0.1811 0.1652 
0.175 0.0158 0.1128 0.05222 0 0 0.1808 0.165 
0.1752 0.01577 0.1128 0.05204 0 0 0.1806 0.1648 
0.1754 0.01573 0.1127 0.05186 0 0 0.1803 0.1646 
0.1756 0.0157 0.1127 0.05168 0 0 0.1801 0.1644 
0.1758 0.01566 0.1127 0.0515 0 0 0.1798 0.1642 
0.176 0.01563 0.1126 0.05132 0 0 0.1796 0.164 
0.1762 0.0156 0.1126 0.05115 0 0 0.1793 0.1637 
0.1764 0.01556 0.1126 0.05097 0 0 0.1791 0.1635 
0.1766 0.01553 0.1125 0.0508 0 0 0.1789 0.1633 
0.1768 0.0155 0.1125 0.05062 0 0 0.1786 0.1631 
0.177 0.01546 0.1125 0.05045 0 0 0.1784 0.1629 
0.1772 0.01543 0.1124 0.05028 0 0 0.1781 0.1627 
0.1774 0.0154 0.1124 0.0501 0 0 0.1779 0.1625 
0.1776 0.01537 0.1124 0.04993 0 0 0.1777 0.1623 
0.1778 0.01533 0.1123 0.04976 0 0 0.1774 0.1621 
0.178 0.0153 0.1123 0.04959 0 0 0.1772 0.1619 
0.1782 0.01527 0.1123 0.04943 0 0 0.177 0.1617 
0.1784 0.01524 0.1122 0.04926 0 0 0.1767 0.1615 
0.1786 0.0152 0.1122 0.04909 0 0 0.1765 0.1613 
0.1788 0.01517 0.1122 0.04893 0 0 0.1763 0.1611 
0.179 0.01514 0.1121 0.04876 0 0 0.176 0.1609 
0.1792 0.01511 0.1121 0.04859 0 0 0.1758 0.1607 
0.1794 0.01508 0.1121 0.04843 0 0 0.1756 0.1605 
0.1796 0.01504 0.112 0.04827 0 0 0.1753 0.1603 
0.1798 0.01501 0.112 0.04811 0 0 0.1751 0.1601 
0.18 0.01498 0.112 0.04794 0 0 0.1749 0.1599 
0.1802 0.01495 0.1119 0.04778 0 0 0.1747 0.1597 
0.1804 0.01492 0.1119 0.04762 0 0 0.1744 0.1595 
0.1806 0.01489 0.1119 0.04746 0 0 0.1742 0.1593 
0.1808 0.01485 0.1118 0.0473 0 0 0.174 0.1591 
0.181 0.01482 0.1118 0.04715 0 0 0.1738 0.159 
0.1812 0.01479 0.1118 0.04699 0 0 0.1736 0.1588 
0.1814 0.01476 0.1117 0.04683 0 0 0.1733 0.1586 
0.1816 0.01473 0.1117 0.04668 0 0 0.1731 0.1584 
0.1818 0.0147 0.1117 0.04652 0 0 0.1729 0.1582 
0.182 0.01467 0.1116 0.04637 0 0 0.1727 0.158 
0.1822 0.01464 0.1116 0.04621 0 0 0.1725 0.1578 
0.1824 0.01461 0.1116 0.04606 0 0 0.1722 0.1576 
0.1826 0.01458 0.1115 0.04591 0 0 0.172 0.1575 
0.1828 0.01455 0.1115 0.04575 0 0 0.1718 0.1573 
0.183 0.01452 0.1115 0.0456 0 0 0.1716 0.1571 
0.1832 0.01449 0.1114 0.04545 0 0 0.1714 0.1569 
0.1834 0.01446 0.1114 0.0453 0 0 0.1712 0.1567 
0.1836 0.01443 0.1114 0.04515 0 0 0.171 0.1565 
0.1838 0.0144 0.1114 0.045 0 0 0.1708 0.1564 
0.184 0.01437 0.1113 0.04486 0 0 0.1705 0.1562 
0.1842 0.01434 0.1113 0.04471 0 0 0.1703 0.156 
0.1844 0.01431 0.1113 0.04456 0 0 0.1701 0.1558 
0.1846 0.01428 0.1112 0.04442 0 0 0.1699 0.1556 
0.1848 0.01425 0.1112 0.04427 0 0 0.1697 0.1555 
0.185 0.01422 0.1112 0.04413 0 0 0.1695 0.1553 
0.1852 0.01419 0.1111 0.04398 0 0 0.1693 0.1551 
0.1854 0.01416 0.1111 0.04384 0 0 0.1691 0.1549 
0.1856 0.01413 0.1111 0.0437 0 0 0.1689 0.1548 
0.1858 0.01411 0.111 0.04356 0 0 0.1687 0.1546 
0.186 0.01408 0.111 0.04341 0 0 0.1685 0.1544 
0.1862 0.01405 0.111 0.04327 0 0 0.1683 0.1542 
0.1864 0.01402 0.1109 0.04313 0 0 0.1681 0.1541 
0.1866 0.01399 0.1109 0.04299 0 0 0.1679 0.1539 
0.1868 0.01396 0.1109 0.04285 0 0 0.1677 0.1537 
0.187 0.01393 0.1108 0.04272 0 0 0.1675 0.1535 
0.1872 0.01391 0.1108 0.04258 0 0 0.1673 0.1534 
0.1874 0.01388 0.1108 0.04244 0 0 0.1671 0.1532 
0.1876 0.01385 0.1107 0.0423 0 0 0.1669 0.153 
0.1878 0.01382 0.1107 0.04217 0 0 0.1667 0.1529 
0.188 0.01379 0.1107 0.04203 0 0 0.1665 0.1527 
0.1882 0.01377 0.1106 0.0419 0 0 0.1663 0.1525 
0.1884 0.01374 0.1106 0.04176 0 0 0.1661 0.1524 
0.1886 0.01371 0.1106 0.04163 0 0 0.1659 0.1522 
0.1888 0.01368 0.1105 0.0415 0 0 0.1657 0.152 
0.189 0.01366 0.1105 0.04136 0 0 0.1655 0.1519 
0.1892 0.01363 0.1105 0.04123 0 0 0.1653 0.1517 
0.1894 0.0136 0.1105 0.0411 0 0 0.1652 0.1516 
0.1896 0.01357 0.1104 0.04097 0 0 0.165 0.1514 
0.1898 0.01355 0.1104 0.04084 0 0 0.1648 0.1512 
0.19 0.01352 0.1104 0.04071 0 0 0.1646 0.1511 
0.1902 0.01349 0.1103 0.04058 0 0 0.1644 0.1509 
0.1904 0.01347 0.1103 0.04045 0 0 0.1642 0.1507 
0.1906 0.01344 0.1103 0.04032 0 0 0.164 0.1506 
0.1908 0.01341 0.1102 0.0402 0 0 0.1638 0.1504 
0.191 0.01339 0.1102 0.04007 0 0 0.1637 0.1503 
0.1912 0.01336 0.1102 0.03994 0 0 0.1635 0.1501 
0.1914 0.01333 0.1101 0.03982 0 0 0.1633 0.15 
0.1916 0.01331 0.1101 0.03969 0 0 0.1631 0.1498 
0.1918 0.01328 0.1101 0.03957 0 0 0.1629 0.1496 
0.192 0.01325 0.11 0.03944 0 0 0.1627 0.1495 
0.1922 0.01323 0.11 0.03932 0 0 0.1626 0.1493 
0.1924 0.0132 0.11 0.0392 0 0 0.1624 0.1492 
0.1926 0.01318 0.1099 0.03907 0 0 0.1622 0.149 
0.1928 0.01315 0.1099 0.03895 0 0 0.162 0.1489 
0.193 0.01312 0.1099 0.03883 0 0 0.1618 0.1487 
0.1932 0.0131 0.1098 0.03871 0 0 0.1617 0.1486 
0.1934 0.01307 0.1098 0.03859 0 0 0.1615 0.1484 
0.1936 0.01305 0.1098 0.03847 0 0 0.1613 0.1483 
0.1938 0.01302 0.1098 0.03835 0 0 0.1611 0.1481 
0.194 0.013 0.1097 0.03823 0 0 0.1609 0.148 
0.1942 0.01297 0.1097 0.03811 0 0 0.1608 0.1478 
0.1944 0.01294 0.1097 0.03799 0 0 0.1606 0.1477 
0.1946 0.01292 0.1096 0.03787 0 0 0.1604 0.1475 
0.1948 0.01289 0.1096 0.03776 0 0 0.1602 0.1474 
0.195 0.01287 0.1096 0.03764 0 0 0.1601 0.1472 
0.1952 0.01284 0.1095 0.03752 0 0 0.1599 0.1471 
0.1954 0.01282 0.1095 0.03741 0 0 0.1597 0.1469 
0.1956 0.01279 0.1095 0.03729 0 0 0.1596 0.1468 
0.1958 0.01277 0.1094 0.03718 0 0 0.1594 0.1466 
0.196 0.01274 0.1094 0.03706 0 0 0.1592 0.1465 
0.1962 0.01272 0.1094 0.03695 0 0 0.159 0.1463 
0.1964 0.01269 0.1093 0.03684 0 0 0.1589 0.1462 
0.1966 0.01267 0.1093 0.03672 0 0 0.1587 0.146 
0.1968 0.01265 0.1093 0.03661 0 0 0.1585 0.1459 
0.197 0.01262 0.1093 0.0365 0 0 0.1584 0.1458 
0.1972 0.0126 0.1092 0.03639 0 0 0.1582 0.1456 
0.1974 0.01257 0.1092 0.03628 0 0 0.158 0.1455 
0.1976 0.01255 0.1092 0.03617 0 0 0.1579 0.1453 
0.1978 0.01252 0.1091 0.03606 0 0 0.1577 0.1452 
0.198 0.0125 0.1091 0.03595 0 0 0.1575 0.145 
0.1982 0.01248 0.1091 0.03584 0 0 0.1574 0.1449 
0.1984 0.01245 0.109 0.03573 0 0 0.1572 0.1448 
0.1986 0.01243 0.109 0.03562 0 0 0.1571 0.1446 
0.1988 0.0124 0.109 0.03551 0 0 0.1569 0.1445 
0.199 0.01238 0.1089 0.03541 0 0 0.1567 0.1444 
0.1992 0.01236 0.1089 0.0353 0 0 0.1566 0.1442 
0.1994 0.01233 0.1089 0.03519 0 0 0.1564 0.1441 
0.1996 0.01231 0.1089 0.03509 0 0 0.1563 0.1439 
0.1998 0.01229 0.1088 0.03498 0 0 0.1561 0.1438 
