0.001 4.537 0.008777 9081 0 0 9085 9081 
0.0012 4.416 0.01137 5835 0 0 5839 5835 
0.0014 4.3 0.01401 4014 0 0 4019 4014 
0.0016 4.18 0.01655 2877 0 0 2882 2877 
0.0018 4.056 0.01895 2127 0 0 2131 2127 
0.002 3.933 0.02124 1623 0 0 1627 1623 
0.0022 3.811 0.02348 1261 0 0 1265 1261 
0.0024 3.693 0.02568 1001 0 0 1005 1001 
0.0026 3.577 0.02784 809.8 0 0 813.4 809.8 
0.0028 3.464 0.02996 665.4 0 0 668.9 665.5 
0.003 3.354 0.03206 554.3 0 0 557.6 554.3 
0.0032 3.247 0.03413 465.2 0 0 468.5 465.2 
0.0034 3.143 0.03617 394.6 0 0 397.8 394.6 
0.0036 3.042 0.03819 337.9 0 0 341 337.9 
0.0038 2.944 0.04017 291.8 0 0 294.7 291.8 
0.004 2.849 0.04212 253.8 0 0 256.7 253.9 
0.0042 2.757 0.04403 222 0 0 224.8 222 
0.0044 2.669 0.04591 195.3 0 0 198 195.3 
0.0046 2.583 0.04775 172.8 0 0 175.4 172.9 
0.0048 2.5 0.04956 153.7 0 0 156.3 153.8 
0.005 2.421 0.05133 137.4 0 0 139.9 137.4 
0.0052 2.344 0.05306 123.2 0 0 125.6 123.2 
0.0054 2.27 0.05476 110.9 0 0 113.2 111 
0.0056 2.199 0.05643 100.2 0 0 102.5 100.3 
0.0058 2.131 0.05806 90.9 0 0 93.09 90.96 
0.006 2.065 0.05966 82.72 0 0 84.84 82.78 
0.0062 2.002 0.06124 75.46 0 0 77.52 75.52 
0.0064 1.941 0.06278 69.04 0 0 71.04 69.1 
0.0066 1.882 0.06428 63.34 0 0 65.29 63.41 
0.0068 1.827 0.06576 58.26 0 0 60.15 58.33 
0.007 1.773 0.06721 53.72 0 0 55.56 53.79 
0.0072 1.723 0.06862 393.9 0 0 395.7 394 
0.0074 1.675 0.06999 368.5 0 0 370.3 368.6 
0.0076 1.628 0.07134 345.2 0 0 346.9 345.3 
0.0078 1.584 0.07266 323.8 0 0 325.5 323.9 
0.008 1.542 0.07395 304 0 0 305.6 304.1 
0.0082 1.501 0.07522 285.6 0 0 287.2 285.7 
0.0084 1.462 0.07645 268.5 0 0 270 268.6 
0.0086 1.425 0.07767 252.7 0 0 254.2 252.7 
0.0088 1.389 0.07885 237.9 0 0 239.4 238 
0.009 1.354 0.08001 224.3 0 0 225.7 224.4 
0.0092 1.321 0.08114 211.6 0 0 213 211.7 
0.0094 1.289 0.08225 199.9 0 0 201.3 200 
0.0096 1.259 0.08333 189 0 0 190.3 189.1 
0.0098 1.229 0.08438 178.8 0 0 180.1 178.9 
0.01 1.201 0.08541 169.4 0 0 170.7 169.5 
0.0102 1.174 0.08642 160.6 0 0 161.9 160.7 
0.0104 1.148 0.0874 152.5 0 0 153.7 152.6 
0.0106 1.123 0.08835 144.9 0 0 146.1 145 
0.0108 1.1 0.08929 137.8 0 0 138.9 137.9 
0.011 1.076 0.0902 131.1 0 0 132.3 131.2 
0.0112 1.054 0.09109 124.9 0 0 126 125 
0.0114 1.033 0.09196 119.1 0 0 120.2 119.2 
0.0116 1.012 0.09281 113.6 0 0 114.7 113.7 
0.0118 0.9922 0.09364 108.5 0 0 109.5 108.6 
0.012 0.9729 0.09445 103.6 0 0 104.7 103.7 
0.0122 0.9542 0.09524 99.08 0 0 100.1 99.18 
0.0124 0.9362 0.09601 94.8 0 0 95.83 94.9 
0.0126 0.9187 0.09677 90.76 0 0 91.78 90.86 
0.0128 0.9018 0.09751 86.95 0 0 87.95 87.05 
0.013 0.8854 0.09823 83.35 0 0 84.33 83.45 
0.0132 0.8696 0.09894 79.94 0 0 80.91 80.04 
0.0134 0.8542 0.09963 76.72 0 0 77.67 76.82 
0.0136 0.8392 0.1003 73.67 0 0 74.61 73.77 
0.0138 0.8247 0.101 70.78 0 0 71.7 70.88 
0.014 0.8106 0.1016 68.03 0 0 68.94 68.13 
0.0142 0.7969 0.1023 65.43 0 0 66.33 65.53 
0.0144 0.7836 0.1029 62.95 0 0 63.84 63.06 
0.0146 0.7706 0.1035 60.6 0 0 61.48 60.7 
0.0148 0.758 0.1041 58.36 0 0 59.23 58.47 
0.015 0.7458 0.1047 56.23 0 0 57.09 56.34 
0.0152 0.7338 0.1053 54.21 0 0 55.05 54.31 
0.0154 0.7222 0.1058 52.27 0 0 53.1 52.38 
0.0156 0.7109 0.1064 50.43 0 0 51.25 50.54 
0.0158 0.6998 0.1069 48.67 0 0 49.48 48.78 
0.016 0.689 0.1074 47 0 0 47.79 47.1 
0.0162 0.6785 0.108 45.4 0 0 46.18 45.5 
0.0164 0.6683 0.1085 43.86 0 0 44.64 43.97 
0.0166 0.6582 0.109 42.4 0 0 43.17 42.51 
0.0168 0.6484 0.1095 41 0 0 41.76 41.11 
0.017 0.6388 0.11 39.66 0 0 40.41 39.77 
0.0172 0.6295 0.1104 38.38 0 0 39.12 38.49 
0.0174 0.6203 0.1109 37.15 0 0 37.88 37.26 
0.0176 0.6114 0.1114 35.98 0 0 36.7 36.09 
0.0178 0.6026 0.1118 34.85 0 0 35.56 34.96 
0.018 0.594 0.1122 33.77 0 0 34.47 33.88 
0.0182 0.5856 0.1127 32.73 0 0 33.43 32.84 
0.0184 0.5773 0.1131 31.74 0 0 32.43 31.85 
0.0186 0.5693 0.1135 30.78 0 0 31.46 30.89 
0.0188 0.5613 0.1139 29.86 0 0 30.54 29.98 
0.019 0.5536 0.1143 28.98 0 0 29.65 29.09 
0.0192 0.546 0.1147 28.13 0 0 28.79 28.25 
0.0194 0.5385 0.1151 27.32 0 0 27.97 27.43 
0.0196 0.5312 0.1155 26.53 0 0 27.18 26.65 
0.0198 0.524 0.1159 25.78 0 0 26.42 25.89 
0.02 0.517 0.1162 25.05 0 0 25.68 25.17 
0.0202 0.51 0.1166 24.35 0 0 24.98 24.47 
0.0204 0.5032 0.117 23.68 0 0 24.3 23.79 
0.0206 0.4966 0.1173 23.03 0 0 23.64 23.14 
0.0208 0.49 0.1177 22.4 0 0 23.01 22.52 
0.021 0.4836 0.118 21.8 0 0 22.4 21.91 
0.0212 0.4772 0.1183 21.21 0 0 21.81 21.33 
0.0214 0.471 0.1187 20.65 0 0 21.24 20.77 
0.0216 0.4649 0.119 20.11 0 0 20.69 20.23 
0.0218 0.459 0.1193 19.58 0 0 20.16 19.7 
0.022 0.4531 0.1196 19.08 0 0 19.65 19.2 
0.0222 0.4473 0.1199 18.59 0 0 19.16 18.71 
0.0224 0.4416 0.1202 18.12 0 0 18.68 18.24 
0.0226 0.4361 0.1205 17.66 0 0 18.22 17.78 
0.0228 0.4306 0.1208 17.22 0 0 17.77 17.34 
0.023 0.4252 0.1211 16.79 0 0 17.34 16.91 
0.0232 0.42 0.1214 16.38 0 0 16.92 16.5 
0.0234 0.4148 0.1217 15.98 0 0 16.51 16.1 
0.0236 0.4097 0.1219 15.59 0 0 16.12 15.71 
0.0238 0.4047 0.1222 15.22 0 0 15.74 15.34 
0.024 0.3998 0.1225 14.85 0 0 15.38 14.98 
0.0242 0.3949 0.1227 14.5 0 0 15.02 14.62 
0.0244 0.3902 0.123 14.16 0 0 14.67 14.28 
0.0246 0.3855 0.1232 13.83 0 0 14.34 13.95 
0.0248 0.3809 0.1235 13.51 0 0 14.02 13.63 
0.025 0.3764 0.1237 13.2 0 0 13.7 13.32 
0.0252 0.372 0.124 12.9 0 0 13.4 13.02 
0.0254 0.3676 0.1242 12.61 0 0 13.1 12.73 
0.0256 0.3633 0.1244 12.32 0 0 12.81 12.45 
0.0258 0.3591 0.1247 12.05 0 0 12.53 12.17 
0.026 0.355 0.1249 11.78 0 0 12.26 11.91 
0.0262 0.3509 0.1251 11.52 0 0 12 11.65 
0.0264 0.3469 0.1253 11.27 0 0 11.74 11.4 
0.0266 0.3429 0.1255 11.03 0 0 11.5 11.15 
0.0268 0.3391 0.1257 10.79 0 0 11.25 10.92 
0.027 0.3352 0.1259 10.56 0 0 11.02 10.68 
0.0272 0.3315 0.1261 10.33 0 0 10.79 10.46 
0.0274 0.3278 0.1263 10.12 0 0 10.57 10.24 
0.0276 0.3242 0.1265 9.904 0 0 10.36 10.03 
0.0278 0.3206 0.1267 9.698 0 0 10.15 9.825 
0.028 0.3171 0.1269 9.497 0 0 9.942 9.624 
0.0282 0.3136 0.1271 9.302 0 0 9.743 9.429 
0.0284 0.3102 0.1273 9.112 0 0 9.55 9.24 
0.0286 0.3069 0.1275 8.928 0 0 9.362 9.055 
0.0288 0.3036 0.1276 8.748 0 0 9.179 8.875 
0.029 0.3004 0.1278 8.573 0 0 9.001 8.7 
0.0292 0.2972 0.128 8.402 0 0 8.827 8.53 
0.0294 0.294 0.1282 8.236 0 0 8.658 8.364 
0.0296 0.2909 0.1283 8.074 0 0 8.493 8.202 
0.0298 0.2879 0.1285 7.916 0 0 8.333 8.045 
0.03 0.2849 0.1286 7.763 0 0 8.176 7.892 
0.0302 0.2819 0.1288 7.613 0 0 8.024 7.742 
0.0304 0.279 0.129 7.467 0 0 7.875 7.596 
0.0306 0.2762 0.1291 7.325 0 0 7.73 7.454 
0.0308 0.2734 0.1293 7.186 0 0 7.589 7.316 
0.031 0.2706 0.1294 7.051 0 0 7.451 7.181 
0.0312 0.2679 0.1295 6.919 0 0 7.317 7.049 
0.0314 0.2652 0.1297 6.791 0 0 7.185 6.92 
0.0316 0.2625 0.1298 6.665 0 0 7.057 6.795 
0.0318 0.2599 0.13 6.542 0 0 6.932 6.672 
0.032 0.2573 0.1301 6.423 0 0 6.81 6.553 
0.0322 0.2548 0.1302 6.306 0 0 6.691 6.436 
0.0324 0.2523 0.1304 6.192 0 0 6.575 6.323 
0.0326 0.2498 0.1305 6.081 0 0 6.461 6.212 
0.0328 0.2474 0.1306 5.973 0 0 6.351 6.103 
0.033 0.245 0.1307 5.866 0 0 6.242 5.997 
0.0332 0.2427 0.1308 5.763 0 0 6.136 5.894 
0.0334 0.2404 0.131 5.662 0 0 6.033 5.793 
0.0336 0.2381 0.1311 5.563 0 0 5.932 5.694 
0.0338 0.2358 0.1312 5.466 0 0 5.833 5.597 
0.034 0.2336 0.1313 5.372 0 0 5.737 5.503 
0.0342 0.2314 0.1314 5.28 0 0 5.642 5.411 
0.0344 0.2293 0.1315 5.189 0 0 5.55 5.321 
0.0346 0.2271 0.1316 5.101 0 0 5.46 5.233 
0.0348 0.225 0.1317 5.015 0 0 5.372 5.147 
0.035 0.223 0.1318 4.931 0 0 5.285 5.063 
0.0352 0.2209 0.1319 4.848 0 0 5.201 4.98 
0.0354 0.2189 0.132 4.768 0 0 5.119 4.9 
0.0356 0.2169 0.1321 4.689 0 0 5.038 4.821 
0.0358 0.215 0.1322 4.612 0 0 4.959 4.744 
0.036 0.2131 0.1323 4.536 0 0 4.881 4.668 
0.0362 0.2112 0.1324 4.462 0 0 4.806 4.595 
0.0364 0.2093 0.1325 4.39 0 0 4.732 4.522 
0.0366 0.2074 0.1326 4.319 0 0 4.659 4.452 
0.0368 0.2056 0.1327 4.25 0 0 4.588 4.382 
0.037 0.2038 0.1327 4.182 0 0 4.518 4.315 
0.0372 0.202 0.1328 4.115 0 0 4.45 4.248 
0.0374 0.2003 0.1329 4.05 0 0 4.384 4.183 
0.0376 0.1986 0.133 3.987 0 0 4.318 4.12 
0.0378 0.1969 0.1331 3.924 0 0 4.254 4.057 
0.038 0.1952 0.1331 3.863 0 0 4.192 3.996 
0.0382 0.1935 0.1332 3.803 0 0 4.13 3.937 
0.0384 0.1919 0.1333 3.745 0 0 4.07 3.878 
0.0386 0.1903 0.1334 3.687 0 0 4.011 3.821 
0.0388 0.1887 0.1334 3.631 0 0 3.953 3.764 
0.039 0.1871 0.1335 3.576 0 0 3.896 3.709 
0.0392 0.1856 0.1336 3.522 0 0 3.841 3.655 
0.0394 0.184 0.1336 3.469 0 0 3.786 3.602 
0.0396 0.1825 0.1337 3.417 0 0 3.733 3.55 
0.0398 0.181 0.1338 3.366 0 0 3.681 3.5 
0.04 0.1795 0.1338 3.316 0 0 3.629 3.45 
0.0402 0.1781 0.1339 3.267 0 0 3.579 3.401 
0.0404 0.1767 0.1339 3.219 0 0 3.529 3.353 
0.0406 0.1752 0.134 3.172 0 0 3.481 3.306 
0.0408 0.1738 0.1341 3.126 0 0 3.433 3.26 
0.041 0.1724 0.1341 3.08 0 0 3.387 3.214 
0.0412 0.1711 0.1342 3.036 0 0 3.341 3.17 
0.0414 0.1697 0.1342 2.992 0 0 3.296 3.126 
0.0416 0.1684 0.1343 2.949 0 0 3.252 3.084 
0.0418 0.1671 0.1343 2.907 0 0 3.209 3.042 
0.042 0.1658 0.1344 2.866 0 0 3.166 3 
0.0422 0.1645 0.1344 2.826 0 0 3.124 2.96 
0.0424 0.1632 0.1345 2.786 0 0 3.084 2.92 
0.0426 0.162 0.1345 2.747 0 0 3.043 2.881 
0.0428 0.1607 0.1346 2.709 0 0 3.004 2.843 
0.043 0.1595 0.1346 2.671 0 0 2.965 2.806 
0.0432 0.1583 0.1346 2.634 0 0 2.927 2.769 
0.0434 0.1571 0.1347 2.598 0 0 2.89 2.733 
0.0436 0.1559 0.1347 2.562 0 0 2.853 2.697 
0.0438 0.1548 0.1348 2.527 0 0 2.817 2.662 
0.044 0.1536 0.1348 2.493 0 0 2.782 2.628 
0.0442 0.1525 0.1348 2.459 0 0 2.747 2.594 
0.0444 0.1514 0.1349 2.426 0 0 2.713 2.561 
0.0446 0.1502 0.1349 2.394 0 0 2.679 2.529 
0.0448 0.1491 0.1349 2.362 0 0 2.646 2.497 
0.045 0.1481 0.135 2.331 0 0 2.614 2.466 
0.0452 0.147 0.135 2.3 0 0 2.582 2.435 
0.0454 0.1459 0.135 2.269 0 0 2.55 2.404 
0.0456 0.1449 0.1351 2.24 0 0 2.52 2.375 
0.0458 0.1438 0.1351 2.21 0 0 2.489 2.346 
0.046 0.1428 0.1351 2.182 0 0 2.46 2.317 
0.0462 0.1418 0.1352 2.153 0 0 2.43 2.289 
0.0464 0.1408 0.1352 2.126 0 0 2.402 2.261 
0.0466 0.1398 0.1352 2.098 0 0 2.373 2.233 
0.0468 0.1388 0.1352 2.071 0 0 2.345 2.207 
0.047 0.1378 0.1353 2.045 0 0 2.318 2.18 
0.0472 0.1369 0.1353 2.019 0 0 2.291 2.154 
0.0474 0.1359 0.1353 1.994 0 0 2.265 2.129 
0.0476 0.135 0.1353 1.968 0 0 2.239 2.104 
0.0478 0.134 0.1354 1.944 0 0 2.213 2.079 
0.048 0.1331 0.1354 1.919 0 0 2.188 2.055 
0.0482 0.1322 0.1354 1.896 0 0 2.163 2.031 
0.0484 0.1313 0.1354 1.872 0 0 2.139 2.007 
0.0486 0.1304 0.1354 1.849 0 0 2.115 1.984 
0.0488 0.1295 0.1355 1.826 0 0 2.091 1.962 
0.049 0.1287 0.1355 1.804 0 0 2.068 1.939 
0.0492 0.1278 0.1355 1.782 0 0 2.045 1.917 
0.0494 0.127 0.1355 1.76 0 0 2.023 1.896 
0.0496 0.1261 0.1355 1.739 0 0 2.001 1.874 
0.0498 0.1253 0.1355 1.718 0 0 1.979 1.853 
0.05 0.1244 0.1355 1.697 0 0 1.957 1.833 
0.0502 0.1236 0.1356 1.677 0 0 1.936 1.813 
0.0504 0.1228 0.1356 1.657 0 0 1.915 1.793 
0.0506 0.122 0.1356 1.637 0 0 1.895 1.773 
0.0508 0.1212 0.1356 1.618 0 0 1.875 1.754 
0.051 0.1204 0.1356 1.599 0 0 1.855 1.734 
0.0512 0.1196 0.1356 1.58 0 0 1.835 1.716 
0.0514 0.1189 0.1356 1.562 0 0 1.816 1.697 
0.0516 0.1181 0.1356 1.543 0 0 1.797 1.679 
0.0518 0.1173 0.1356 1.526 0 0 1.778 1.661 
0.052 0.1166 0.1357 1.508 0 0 1.76 1.644 
0.0522 0.1159 0.1357 1.49 0 0 1.742 1.626 
0.0524 0.1151 0.1357 1.473 0 0 1.724 1.609 
0.0526 0.1144 0.1357 1.457 0 0 1.707 1.592 
0.0528 0.1137 0.1357 1.44 0 0 1.689 1.576 
0.053 0.113 0.1357 1.424 0 0 1.672 1.559 
0.0532 0.1123 0.1357 1.407 0 0 1.655 1.543 
0.0534 0.1116 0.1357 1.392 0 0 1.639 1.527 
0.0536 0.1109 0.1357 1.376 0 0 1.622 1.512 
0.0538 0.1102 0.1357 1.361 0 0 1.606 1.496 
0.054 0.1095 0.1357 1.345 0 0 1.591 1.481 
0.0542 0.1088 0.1357 1.33 0 0 1.575 1.466 
0.0544 0.1082 0.1357 1.316 0 0 1.56 1.451 
0.0546 0.1075 0.1357 1.301 0 0 1.544 1.437 
0.0548 0.1068 0.1357 1.287 0 0 1.529 1.423 
0.055 0.1062 0.1357 1.273 0 0 1.515 1.408 
0.0552 0.1056 0.1357 1.259 0 0 1.5 1.395 
0.0554 0.1049 0.1357 1.245 0 0 1.486 1.381 
0.0556 0.1043 0.1357 1.232 0 0 1.472 1.367 
0.0558 0.1037 0.1357 1.218 0 0 1.458 1.354 
0.056 0.103 0.1357 1.205 0 0 1.444 1.341 
0.0562 0.1024 0.1357 1.192 0 0 1.43 1.328 
0.0564 0.1018 0.1357 1.179 0 0 1.417 1.315 
0.0566 0.1012 0.1357 1.167 0 0 1.404 1.303 
0.0568 0.1006 0.1357 1.154 0 0 1.391 1.29 
0.057 0.1 0.1357 1.142 0 0 1.378 1.278 
0.0572 0.09945 0.1357 1.13 0 0 1.365 1.266 
0.0574 0.09887 0.1357 1.118 0 0 1.353 1.254 
0.0576 0.0983 0.1357 1.107 0 0 1.34 1.242 
0.0578 0.09773 0.1356 1.095 0 0 1.328 1.231 
0.058 0.09716 0.1356 1.084 0 0 1.316 1.219 
0.0582 0.0966 0.1356 1.072 0 0 1.305 1.208 
0.0584 0.09605 0.1356 1.061 0 0 1.293 1.197 
0.0586 0.0955 0.1356 1.05 0 0 1.281 1.186 
0.0588 0.09495 0.1356 1.039 0 0 1.27 1.175 
0.059 0.09441 0.1356 1.029 0 0 1.259 1.164 
0.0592 0.09387 0.1356 1.018 0 0 1.248 1.154 
0.0594 0.09334 0.1356 1.008 0 0 1.237 1.143 
0.0596 0.09282 0.1356 0.9977 0 0 1.226 1.133 
0.0598 0.09229 0.1356 0.9876 0 0 1.215 1.123 
0.06 0.09178 0.1355 0.9776 0 0 1.205 1.113 
0.0602 0.09126 0.1355 0.9678 0 0 1.195 1.103 
0.0604 0.09075 0.1355 0.9581 0 0 1.184 1.094 
0.0606 0.09025 0.1355 0.9485 0 0 1.174 1.084 
0.0608 0.08975 0.1355 0.939 0 0 1.164 1.075 
0.061 0.08925 0.1355 0.9297 0 0 1.154 1.065 
0.0612 0.08876 0.1355 0.9205 0 0 1.145 1.056 
0.0614 0.08827 0.1355 0.9114 0 0 1.135 1.047 
0.0616 0.08779 0.1354 0.9025 0 0 1.126 1.038 
0.0618 0.08731 0.1354 0.8936 0 0 1.116 1.029 
0.062 0.08684 0.1354 0.8849 0 0 1.107 1.02 
0.0622 0.08636 0.1354 0.8762 0 0 1.098 1.012 
0.0624 0.0859 0.1354 0.8677 0 0 1.089 1.003 
0.0626 0.08543 0.1354 0.8593 0 0 1.08 0.9947 
0.0628 0.08497 0.1354 0.851 0 0 1.071 0.9864 
0.063 0.08452 0.1353 0.8428 0 0 1.063 0.9781 
0.0632 0.08406 0.1353 0.8347 0 0 1.054 0.97 
0.0634 0.08362 0.1353 0.8267 0 0 1.046 0.962 
0.0636 0.08317 0.1353 0.8188 0 0 1.037 0.9541 
0.0638 0.08273 0.1353 0.811 0 0 1.029 0.9463 
0.064 0.08229 0.1353 0.8033 0 0 1.021 0.9386 
0.0642 0.08186 0.1352 0.7957 0 0 1.013 0.931 
0.0644 0.08142 0.1352 0.7882 0 0 1.005 0.9234 
0.0646 0.081 0.1352 0.7808 0 0 0.997 0.916 
0.0648 0.08057 0.1352 0.7735 0 0 0.9892 0.9087 
0.065 0.08015 0.1352 0.7663 0 0 0.9816 0.9014 
0.0652 0.07973 0.1351 0.7591 0 0 0.974 0.8943 
0.0654 0.07932 0.1351 0.7521 0 0 0.9665 0.8872 
0.0656 0.07891 0.1351 0.7451 0 0 0.9591 0.8802 
0.0658 0.0785 0.1351 0.7382 0 0 0.9518 0.8733 
0.066 0.0781 0.1351 0.7314 0 0 0.9446 0.8665 
0.0662 0.0777 0.135 0.7247 0 0 0.9374 0.8597 
0.0664 0.0773 0.135 0.718 0 0 0.9304 0.8531 
0.0666 0.0769 0.135 0.7115 0 0 0.9234 0.8465 
0.0668 0.07651 0.135 0.705 0 0 0.9165 0.84 
0.067 0.07612 0.135 0.6986 0 0 0.9097 0.8336 
0.0672 0.07573 0.1349 0.6923 0 0 0.9029 0.8272 
0.0674 0.07535 0.1349 0.686 0 0 0.8963 0.8209 
0.0676 0.07497 0.1349 0.6798 0 0 0.8897 0.8147 
0.0678 0.07459 0.1349 0.6737 0 0 0.8832 0.8086 
0.068 0.07422 0.1348 0.6677 0 0 0.8768 0.8026 
0.0682 0.07385 0.1348 0.6617 0 0 0.8704 0.7966 
0.0684 0.07348 0.1348 0.6559 0 0 0.8641 0.7907 
0.0686 0.07311 0.1348 0.65 0 0 0.8579 0.7848 
0.0688 0.07275 0.1348 0.6443 0 0 0.8518 0.779 
0.069 0.07239 0.1347 0.6386 0 0 0.8457 0.7733 
0.0692 0.07203 0.1347 0.633 0 0 0.8397 0.7677 
0.0694 0.07167 0.1347 0.6274 0 0 0.8338 0.7621 
0.0696 0.07132 0.1347 0.6219 0 0 0.8279 0.7566 
0.0698 0.07097 0.1346 0.6165 0 0 0.8221 0.7511 
0.07 0.07062 0.1346 0.6111 0 0 0.8164 0.7457 
0.0702 0.07028 0.1346 0.6058 0 0 0.8107 0.7404 
0.0704 0.06994 0.1346 0.6006 0 0 0.8051 0.7351 
0.0706 0.0696 0.1345 0.5954 0 0 0.7995 0.7299 
0.0708 0.06926 0.1345 0.5903 0 0 0.794 0.7248 
0.071 0.06892 0.1345 0.5852 0 0 0.7886 0.7197 
0.0712 0.06859 0.1345 0.5802 0 0 0.7832 0.7146 
0.0714 0.06826 0.1344 0.5752 0 0 0.7779 0.7096 
0.0716 0.06793 0.1344 0.5703 0 0 0.7727 0.7047 
0.0718 0.06761 0.1344 0.5655 0 0 0.7675 0.6998 
0.072 0.06729 0.1344 0.5607 0 0 0.7623 0.695 
0.0722 0.06697 0.1343 0.5559 0 0 0.7572 0.6903 
0.0724 0.06665 0.1343 0.5513 0 0 0.7522 0.6856 
0.0726 0.06633 0.1343 0.5466 0 0 0.7472 0.6809 
0.0728 0.06602 0.1342 0.542 0 0 0.7423 0.6763 
0.073 0.0657 0.1342 0.5375 0 0 0.7374 0.6717 
0.0732 0.0654 0.1342 0.533 0 0 0.7326 0.6672 
0.0734 0.06509 0.1342 0.5286 0 0 0.7278 0.6627 
0.0736 0.06478 0.1341 0.5242 0 0 0.7231 0.6583 
0.0738 0.06448 0.1341 0.5199 0 0 0.7185 0.654 
0.074 0.06418 0.1341 0.5156 0 0 0.7138 0.6497 
0.0742 0.06388 0.1341 0.5113 0 0 0.7093 0.6454 
0.0744 0.06358 0.134 0.5071 0 0 0.7047 0.6412 
0.0746 0.06329 0.134 0.503 0 0 0.7003 0.637 
0.0748 0.063 0.134 0.4989 0 0 0.6958 0.6328 
0.075 0.0627 0.1339 0.4948 0 0 0.6915 0.6287 
0.0752 0.06242 0.1339 0.4908 0 0 0.6871 0.6247 
0.0754 0.06213 0.1339 0.4868 0 0 0.6828 0.6207 
0.0756 0.06184 0.1339 0.4829 0 0 0.6786 0.6167 
0.0758 0.06156 0.1338 0.479 0 0 0.6744 0.6128 
0.076 0.06128 0.1338 0.4751 0 0 0.6702 0.6089 
0.0762 0.061 0.1338 0.4713 0 0 0.6661 0.6051 
0.0764 0.06072 0.1337 0.4675 0 0 0.662 0.6013 
0.0766 0.06045 0.1337 0.4638 0 0 0.658 0.5975 
0.0768 0.06018 0.1337 0.4601 0 0 0.654 0.5938 
0.077 0.0599 0.1336 0.4565 0 0 0.65 0.5901 
0.0772 0.05963 0.1336 0.4529 0 0 0.6461 0.5865 
0.0774 0.05937 0.1336 0.4493 0 0 0.6422 0.5829 
0.0776 0.0591 0.1335 0.4457 0 0 0.6384 0.5793 
0.0778 0.05884 0.1335 0.4422 0 0 0.6346 0.5758 
0.078 0.05857 0.1335 0.4388 0 0 0.6308 0.5723 
0.0782 0.05831 0.1335 0.4353 0 0 0.6271 0.5688 
0.0784 0.05805 0.1334 0.4319 0 0 0.6234 0.5654 
0.0786 0.0578 0.1334 0.4286 0 0 0.6198 0.562 
0.0788 0.05754 0.1334 0.4253 0 0 0.6162 0.5586 
0.079 0.05729 0.1333 0.422 0 0 0.6126 0.5553 
0.0792 0.05703 0.1333 0.4187 0 0 0.609 0.552 
0.0794 0.05678 0.1333 0.4155 0 0 0.6055 0.5487 
0.0796 0.05653 0.1332 0.4123 0 0 0.6021 0.5455 
0.0798 0.05629 0.1332 0.4091 0 0 0.5986 0.5423 
0.08 0.05604 0.1332 0.406 0 0 0.5952 0.5392 
0.0802 0.0558 0.1331 0.4029 0 0 0.5918 0.536 
0.0804 0.05555 0.1331 0.3998 0 0 0.5885 0.5329 
0.0806 0.05531 0.1331 0.3968 0 0 0.5852 0.5299 
0.0808 0.05507 0.133 0.3938 0 0 0.5819 0.5268 
0.081 0.05483 0.133 0.3908 0 0 0.5787 0.5238 
0.0812 0.0546 0.133 0.3879 0 0 0.5754 0.5208 
0.0814 0.05436 0.1329 0.3849 0 0 0.5723 0.5179 
0.0816 0.05413 0.1329 0.3821 0 0 0.5691 0.515 
0.0818 0.0539 0.1329 0.3792 0 0 0.566 0.5121 
0.082 0.05367 0.1328 0.3764 0 0 0.5629 0.5092 
0.0822 0.05344 0.1328 0.3736 0 0 0.5598 0.5064 
0.0824 0.05321 0.1328 0.3708 0 0 0.5568 0.5036 
0.0826 0.05298 0.1327 0.368 0 0 0.5538 0.5008 
0.0828 0.05276 0.1327 0.3653 0 0 0.5508 0.498 
0.083 0.05253 0.1327 0.3626 0 0 0.5478 0.4953 
0.0832 0.05231 0.1326 0.3599 0 0 0.5449 0.4926 
0.0834 0.05209 0.1326 0.3573 0 0 0.542 0.4899 
0.0836 0.05187 0.1326 0.3547 0 0 0.5391 0.4873 
0.0838 0.05165 0.1325 0.3521 0 0 0.5363 0.4846 
0.084 0.05144 0.1325 0.3495 0 0 0.5335 0.482 
0.0842 0.05122 0.1325 0.347 0 0 0.5307 0.4795 
0.0844 0.05101 0.1324 0.3445 0 0 0.5279 0.4769 
0.0846 0.0508 0.1324 0.342 0 0 0.5252 0.4744 
0.0848 0.05059 0.1324 0.3395 0 0 0.5225 0.4719 
0.085 0.05038 0.1323 0.3371 0 0 0.5198 0.4694 
0.0852 0.05017 0.1323 0.3346 0 0 0.5171 0.4669 
0.0854 0.04996 0.1323 0.3322 0 0 0.5145 0.4645 
0.0856 0.04975 0.1322 0.3298 0 0 0.5118 0.4621 
0.0858 0.04955 0.1322 0.3275 0 0 0.5092 0.4597 
0.086 0.04934 0.1322 0.3252 0 0 0.5067 0.4573 
0.0862 0.04914 0.1321 0.3228 0 0 0.5041 0.455 
0.0864 0.04894 0.1321 0.3206 0 0 0.5016 0.4527 
0.0866 0.04874 0.1321 0.3183 0 0 0.4991 0.4504 
0.0868 0.04854 0.132 0.316 0 0 0.4966 0.4481 
0.087 0.04834 0.132 0.3138 0 0 0.4942 0.4458 
0.0872 0.04815 0.132 0.3116 0 0 0.4917 0.4436 
0.0874 0.04795 0.1319 0.3094 0 0 0.4893 0.4413 
0.0876 0.04776 0.1319 0.3073 0 0 0.4869 0.4391 
0.0878 0.04757 0.1319 0.3051 0 0 0.4845 0.437 
0.088 0.04737 0.1318 0.303 0 0 0.4822 0.4348 
0.0882 0.04718 0.1318 0.3009 0 0 0.4798 0.4327 
0.0884 0.04699 0.1318 0.2988 0 0 0.4775 0.4305 
0.0886 0.04681 0.1317 0.2967 0 0 0.4752 0.4284 
0.0888 0.04662 0.1317 0.2947 0 0 0.473 0.4263 
0.089 0.04643 0.1316 0.2926 0 0 0.4707 0.4243 
0.0892 0.04625 0.1316 0.2906 0 0 0.4685 0.4222 
0.0894 0.04606 0.1316 0.2886 0 0 0.4663 0.4202 
0.0896 0.04588 0.1315 0.2867 0 0 0.4641 0.4182 
0.0898 0.0457 0.1315 0.2847 0 0 0.4619 0.4162 
0.09 0.04552 0.1315 0.2828 0 0 0.4597 0.4142 
0.0902 0.04534 0.1314 0.2808 0 0 0.4576 0.4123 
0.0904 0.04516 0.1314 0.2789 0 0 0.4555 0.4103 
0.0906 0.04498 0.1314 0.277 0 0 0.4534 0.4084 
0.0908 0.04481 0.1313 0.2752 0 0 0.4513 0.4065 
0.091 0.04463 0.1313 0.2733 0 0 0.4492 0.4046 
0.0912 0.04446 0.1313 0.2715 0 0 0.4472 0.4027 
0.0914 0.04428 0.1312 0.2696 0 0 0.4451 0.4009 
0.0916 0.04411 0.1312 0.2678 0 0 0.4431 0.399 
0.0918 0.04394 0.1311 0.2661 0 0 0.4411 0.3972 
0.092 0.04377 0.1311 0.2643 0 0 0.4391 0.3954 
0.0922 0.0436 0.1311 0.2625 0 0 0.4372 0.3936 
0.0924 0.04343 0.131 0.2608 0 0 0.4352 0.3918 
0.0926 0.04326 0.131 0.259 0 0 0.4333 0.39 
0.0928 0.0431 0.131 0.2573 0 0 0.4314 0.3883 
0.093 0.04293 0.1309 0.2556 0 0 0.4295 0.3866 
0.0932 0.04277 0.1309 0.2539 0 0 0.4276 0.3848 
0.0934 0.0426 0.1308 0.2523 0 0 0.4257 0.3831 
0.0936 0.04244 0.1308 0.2506 0 0 0.4239 0.3814 
0.0938 0.04228 0.1308 0.249 0 0 0.422 0.3798 
0.094 0.04212 0.1307 0.2474 0 0 0.4202 0.3781 
0.0942 0.04196 0.1307 0.2457 0 0 0.4184 0.3764 
0.0944 0.0418 0.1307 0.2441 0 0 0.4166 0.3748 
0.0946 0.04164 0.1306 0.2426 0 0 0.4148 0.3732 
0.0948 0.04148 0.1306 0.241 0 0 0.4131 0.3716 
0.095 0.04132 0.1306 0.2394 0 0 0.4113 0.37 
0.0952 0.04117 0.1305 0.2379 0 0 0.4096 0.3684 
0.0954 0.04101 0.1305 0.2364 0 0 0.4078 0.3668 
0.0956 0.04086 0.1304 0.2348 0 0 0.4061 0.3653 
0.0958 0.04071 0.1304 0.2333 0 0 0.4044 0.3637 
0.096 0.04055 0.1304 0.2318 0 0 0.4028 0.3622 
0.0962 0.0404 0.1303 0.2304 0 0 0.4011 0.3607 
0.0964 0.04025 0.1303 0.2289 0 0 0.3994 0.3592 
0.0966 0.0401 0.1303 0.2274 0 0 0.3978 0.3577 
0.0968 0.03995 0.1302 0.226 0 0 0.3962 0.3562 
0.097 0.0398 0.1302 0.2246 0 0 0.3945 0.3547 
0.0972 0.03966 0.1301 0.2231 0 0 0.3929 0.3533 
0.0974 0.03951 0.1301 0.2217 0 0 0.3913 0.3518 
0.0976 0.03937 0.1301 0.2203 0 0 0.3898 0.3504 
0.0978 0.03922 0.13 0.2189 0 0 0.3882 0.349 
0.098 0.03908 0.13 0.2176 0 0 0.3866 0.3476 
0.0982 0.03893 0.13 0.2162 0 0 0.3851 0.3462 
0.0984 0.03879 0.1299 0.2149 0 0 0.3836 0.3448 
0.0986 0.03865 0.1299 0.2135 0 0 0.3821 0.3434 
0.0988 0.03851 0.1298 0.2122 0 0 0.3805 0.342 
0.099 0.03837 0.1298 0.2109 0 0 0.379 0.3407 
0.0992 0.03823 0.1298 0.2096 0 0 0.3776 0.3393 
0.0994 0.03809 0.1297 0.2083 0 0 0.3761 0.338 
0.0996 0.03795 0.1297 0.207 0 0 0.3746 0.3367 
0.0998 0.03781 0.1297 0.2057 0 0 0.3732 0.3354 
0.1 0.03768 0.1296 0.2045 0 0 0.3717 0.3341 
0.1002 0.03754 0.1296 0.2032 0 0 0.3703 0.3328 
0.1004 0.03741 0.1295 0.202 0 0 0.3689 0.3315 
0.1006 0.03727 0.1295 0.2007 0 0 0.3675 0.3302 
0.1008 0.03714 0.1295 0.1995 0 0 0.3661 0.329 
0.101 0.037 0.1294 0.1983 0 0 0.3647 0.3277 
0.1012 0.03687 0.1294 0.1971 0 0 0.3633 0.3265 
0.1014 0.03674 0.1293 0.1959 0 0 0.362 0.3252 
0.1016 0.03661 0.1293 0.1947 0 0 0.3606 0.324 
0.1018 0.03648 0.1293 0.1935 0 0 0.3593 0.3228 
0.102 0.03635 0.1292 0.1924 0 0 0.3579 0.3216 
0.1022 0.03622 0.1292 0.1912 0 0 0.3566 0.3204 
0.1024 0.03609 0.1292 0.19 0 0 0.3553 0.3192 
0.1026 0.03597 0.1291 0.1889 0 0 0.354 0.318 
0.1028 0.03584 0.1291 0.1878 0 0 0.3527 0.3169 
0.103 0.03571 0.129 0.1867 0 0 0.3514 0.3157 
0.1032 0.03559 0.129 0.1855 0 0 0.3501 0.3145 
0.1034 0.03546 0.129 0.1844 0 0 0.3489 0.3134 
0.1036 0.03534 0.1289 0.1833 0 0 0.3476 0.3123 
0.1038 0.03521 0.1289 0.1823 0 0 0.3464 0.3111 
0.104 0.03509 0.1289 0.1812 0 0 0.3451 0.31 
0.1042 0.03497 0.1288 0.1801 0 0 0.3439 0.3089 
0.1044 0.03485 0.1288 0.179 0 0 0.3427 0.3078 
0.1046 0.03473 0.1287 0.178 0 0 0.3415 0.3067 
0.1048 0.03461 0.1287 0.1769 0 0 0.3403 0.3056 
0.105 0.03449 0.1287 0.1759 0 0 0.3391 0.3046 
0.1052 0.03437 0.1286 0.1749 0 0 0.3379 0.3035 
0.1054 0.03425 0.1286 0.1739 0 0 0.3367 0.3024 
0.1056 0.03413 0.1285 0.1728 0 0 0.3355 0.3014 
0.1058 0.03401 0.1285 0.1718 0 0 0.3344 0.3003 
0.106 0.0339 0.1285 0.1708 0 0 0.3332 0.2993 
0.1062 0.03378 0.1284 0.1699 0 0 0.3321 0.2983 
0.1064 0.03367 0.1284 0.1689 0 0 0.3309 0.2973 
0.1066 0.03355 0.1284 0.1679 0 0 0.3298 0.2962 
0.1068 0.03344 0.1283 0.1669 0 0 0.3287 0.2952 
0.107 0.03332 0.1283 0.166 0 0 0.3276 0.2942 
0.1072 0.03321 0.1282 0.165 0 0 0.3265 0.2933 
0.1074 0.0331 0.1282 0.1641 0 0 0.3254 0.2923 
0.1076 0.03298 0.1282 0.1631 0 0 0.3243 0.2913 
0.1078 0.03287 0.1281 0.1622 0 0 0.3232 0.2903 
0.108 0.03276 0.1281 0.1613 0 0 0.3221 0.2894 
0.1082 0.03265 0.128 0.1604 0 0 0.3211 0.2884 
0.1084 0.03254 0.128 0.1595 0 0 0.32 0.2875 
0.1086 0.03243 0.128 0.1585 0 0 0.3189 0.2865 
0.1088 0.03232 0.1279 0.1576 0 0 0.3179 0.2856 
0.109 0.03221 0.1279 0.1568 0 0 0.3169 0.2846 
0.1092 0.03211 0.1278 0.1559 0 0 0.3158 0.2837 
0.1094 0.032 0.1278 0.155 0 0 0.3148 0.2828 
0.1096 0.03189 0.1278 0.1541 0 0 0.3138 0.2819 
0.1098 0.03179 0.1277 0.1533 0 0 0.3128 0.281 
0.11 0.03168 0.1277 0.1524 0 0 0.3118 0.2801 
0.1102 0.03158 0.1277 0.1516 0 0 0.3108 0.2792 
0.1104 0.03147 0.1276 0.1507 0 0 0.3098 0.2783 
0.1106 0.03137 0.1276 0.1499 0 0 0.3088 0.2774 
0.1108 0.03126 0.1275 0.149 0 0 0.3078 0.2766 
0.111 0.03116 0.1275 0.1482 0 0 0.3069 0.2757 
0.1112 0.03106 0.1275 0.1474 0 0 0.3059 0.2749 
0.1114 0.03096 0.1274 0.1466 0 0 0.305 0.274 
0.1116 0.03086 0.1274 0.1458 0 0 0.304 0.2731 
0.1118 0.03075 0.1273 0.145 0 0 0.3031 0.2723 
0.112 0.03065 0.1273 0.1442 0 0 0.3021 0.2715 
0.1122 0.03055 0.1273 0.1434 0 0 0.3012 0.2706 
0.1124 0.03045 0.1272 0.1426 0 0 0.3003 0.2698 
0.1126 0.03035 0.1272 0.1418 0 0 0.2994 0.269 
0.1128 0.03026 0.1271 0.141 0 0 0.2984 0.2682 
0.113 0.03016 0.1271 0.1403 0 0 0.2975 0.2674 
0.1132 0.03006 0.1271 0.1395 0 0 0.2966 0.2666 
0.1134 0.02996 0.127 0.1387 0 0 0.2957 0.2658 
0.1136 0.02987 0.127 0.138 0 0 0.2949 0.265 
0.1138 0.02977 0.127 0.1373 0 0 0.294 0.2642 
0.114 0.02967 0.1269 0.1365 0 0 0.2931 0.2634 
0.1142 0.02958 0.1269 0.1358 0 0 0.2922 0.2626 
0.1144 0.02948 0.1268 0.135 0 0 0.2914 0.2619 
0.1146 0.02939 0.1268 0.1343 0 0 0.2905 0.2611 
0.1148 0.0293 0.1268 0.1336 0 0 0.2897 0.2604 
0.115 0.0292 0.1267 0.1329 0 0 0.2888 0.2596 
0.1152 0.02911 0.1267 0.1322 0 0 0.288 0.2589 
0.1154 0.02902 0.1266 0.1315 0 0 0.2871 0.2581 
0.1156 0.02892 0.1266 0.1308 0 0 0.2863 0.2574 
0.1158 0.02883 0.1266 0.1301 0 0 0.2855 0.2566 
0.116 0.02874 0.1265 0.1294 0 0 0.2846 0.2559 
0.1162 0.02865 0.1265 0.1287 0 0 0.2838 0.2552 
0.1164 0.02856 0.1264 0.128 0 0 0.283 0.2545 
0.1166 0.02847 0.1264 0.1273 0 0 0.2822 0.2537 
0.1168 0.02838 0.1264 0.1267 0 0 0.2814 0.253 
0.117 0.02829 0.1263 0.126 0 0 0.2806 0.2523 
0.1172 0.0282 0.1263 0.1253 0 0 0.2798 0.2516 
0.1174 0.02811 0.1263 0.1247 0 0 0.279 0.2509 
0.1176 0.02803 0.1262 0.124 0 0 0.2783 0.2502 
0.1178 0.02794 0.1262 0.1234 0 0 0.2775 0.2496 
0.118 0.02785 0.1261 0.1227 0 0 0.2767 0.2489 
0.1182 0.02776 0.1261 0.1221 0 0 0.276 0.2482 
0.1184 0.02768 0.1261 0.1215 0 0 0.2752 0.2475 
0.1186 0.02759 0.126 0.1208 0 0 0.2744 0.2468 
0.1188 0.02751 0.126 0.1202 0 0 0.2737 0.2462 
0.119 0.02742 0.1259 0.1196 0 0 0.2729 0.2455 
0.1192 0.02734 0.1259 0.119 0 0 0.2722 0.2449 
0.1194 0.02725 0.1259 0.1184 0 0 0.2715 0.2442 
0.1196 0.02717 0.1258 0.1177 0 0 0.2707 0.2436 
0.1198 0.02708 0.1258 0.1171 0 0 0.27 0.2429 
0.12 0.027 0.1257 0.1165 0 0 0.2693 0.2423 
0.1202 0.02692 0.1257 0.1159 0 0 0.2686 0.2416 
0.1204 0.02683 0.1257 0.1153 0 0 0.2678 0.241 
0.1206 0.02675 0.1256 0.1148 0 0 0.2671 0.2404 
0.1208 0.02667 0.1256 0.1142 0 0 0.2664 0.2398 
0.121 0.02659 0.1256 0.1136 0 0 0.2657 0.2391 
0.1212 0.02651 0.1255 0.113 0 0 0.265 0.2385 
0.1214 0.02643 0.1255 0.1124 0 0 0.2643 0.2379 
0.1216 0.02635 0.1254 0.1119 0 0 0.2637 0.2373 
0.1218 0.02627 0.1254 0.1113 0 0 0.263 0.2367 
0.122 0.02619 0.1254 0.1107 0 0 0.2623 0.2361 
0.1222 0.02611 0.1253 0.1102 0 0 0.2616 0.2355 
0.1224 0.02603 0.1253 0.1096 0 0 0.2609 0.2349 
0.1226 0.02595 0.1252 0.1091 0 0 0.2603 0.2343 
0.1228 0.02587 0.1252 0.1085 0 0 0.2596 0.2337 
0.123 0.0258 0.1252 0.108 0 0 0.2589 0.2332 
0.1232 0.02572 0.1251 0.1075 0 0 0.2583 0.2326 
0.1234 0.02564 0.1251 0.1069 0 0 0.2576 0.232 
0.1236 0.02556 0.125 0.1064 0 0 0.257 0.2314 
0.1238 0.02549 0.125 0.1059 0 0 0.2563 0.2309 
0.124 0.02541 0.125 0.1053 0 0 0.2557 0.2303 
0.1242 0.02534 0.1249 0.1048 0 0 0.2551 0.2297 
0.1244 0.02526 0.1249 0.1043 0 0 0.2544 0.2292 
0.1246 0.02519 0.1249 0.1038 0 0 0.2538 0.2286 
0.1248 0.02511 0.1248 0.1033 0 0 0.2532 0.2281 
0.125 0.02504 0.1248 0.1028 0 0 0.2526 0.2275 
0.1252 0.02496 0.1247 0.1022 0 0 0.2519 0.227 
0.1254 0.02489 0.1247 0.1017 0 0 0.2513 0.2264 
0.1256 0.02482 0.1247 0.1012 0 0 0.2507 0.2259 
0.1258 0.02474 0.1246 0.1007 0 0 0.2501 0.2254 
0.126 0.02467 0.1246 0.1003 0 0 0.2495 0.2248 
0.1262 0.0246 0.1245 0.09977 0 0 0.2489 0.2243 
0.1264 0.02452 0.1245 0.09928 0 0 0.2483 0.2238 
0.1266 0.02445 0.1245 0.0988 0 0 0.2477 0.2233 
0.1268 0.02438 0.1244 0.09832 0 0 0.2471 0.2227 
0.127 0.02431 0.1244 0.09784 0 0 0.2465 0.2222 
0.1272 0.02424 0.1243 0.09737 0 0 0.246 0.2217 
0.1274 0.02417 0.1243 0.0969 0 0 0.2454 0.2212 
0.1276 0.0241 0.1243 0.09643 0 0 0.2448 0.2207 
0.1278 0.02403 0.1242 0.09597 0 0 0.2442 0.2202 
0.128 0.02396 0.1242 0.0955 0 0 0.2437 0.2197 
0.1282 0.02389 0.1242 0.09505 0 0 0.2431 0.2192 
0.1284 0.02382 0.1241 0.09459 0 0 0.2425 0.2187 
0.1286 0.02375 0.1241 0.09414 0 0 0.242 0.2182 
0.1288 0.02368 0.124 0.09369 0 0 0.2414 0.2177 
0.129 0.02362 0.124 0.09324 0 0 0.2409 0.2172 
0.1292 0.02355 0.124 0.0928 0 0 0.2403 0.2168 
0.1294 0.02348 0.1239 0.09236 0 0 0.2398 0.2163 
0.1296 0.02341 0.1239 0.09192 0 0 0.2392 0.2158 
0.1298 0.02335 0.1238 0.09148 0 0 0.2387 0.2153 
0.13 0.02328 0.1238 0.09105 0 0 0.2381 0.2149 
0.1302 0.02321 0.1238 0.09062 0 0 0.2376 0.2144 
0.1304 0.02315 0.1237 0.09019 0 0 0.2371 0.2139 
0.1306 0.02308 0.1237 0.08976 0 0 0.2365 0.2135 
0.1308 0.02301 0.1237 0.08934 0 0 0.236 0.213 
0.131 0.02295 0.1236 0.08892 0 0 0.2355 0.2125 
0.1312 0.02288 0.1236 0.08851 0 0 0.235 0.2121 
0.1314 0.02282 0.1235 0.08809 0 0 0.2344 0.2116 
0.1316 0.02275 0.1235 0.08768 0 0 0.2339 0.2112 
0.1318 0.02269 0.1235 0.08727 0 0 0.2334 0.2107 
0.132 0.02263 0.1234 0.08686 0 0 0.2329 0.2103 
0.1322 0.02256 0.1234 0.08646 0 0 0.2324 0.2098 
0.1324 0.0225 0.1233 0.08606 0 0 0.2319 0.2094 
0.1326 0.02244 0.1233 0.08566 0 0 0.2314 0.209 
0.1328 0.02237 0.1233 0.08526 0 0 0.2309 0.2085 
0.133 0.02231 0.1232 0.08487 0 0 0.2304 0.2081 
0.1332 0.02225 0.1232 0.08447 0 0 0.2299 0.2077 
0.1334 0.02219 0.1232 0.08408 0 0 0.2294 0.2072 
0.1336 0.02212 0.1231 0.0837 0 0 0.2289 0.2068 
0.1338 0.02206 0.1231 0.08331 0 0 0.2285 0.2064 
0.134 0.022 0.123 0.08293 0 0 0.228 0.206 
0.1342 0.02194 0.123 0.08255 0 0 0.2275 0.2055 
0.1344 0.02188 0.123 0.08217 0 0 0.227 0.2051 
0.1346 0.02182 0.1229 0.0818 0 0 0.2265 0.2047 
0.1348 0.02176 0.1229 0.08142 0 0 0.2261 0.2043 
0.135 0.0217 0.1228 0.08105 0 0 0.2256 0.2039 
0.1352 0.02164 0.1228 0.08068 0 0 0.2251 0.2035 
0.1354 0.02158 0.1228 0.08032 0 0 0.2247 0.2031 
0.1356 0.02152 0.1227 0.07995 0 0 0.2242 0.2027 
0.1358 0.02146 0.1227 0.07959 0 0 0.2237 0.2023 
0.136 0.0214 0.1227 0.07923 0 0 0.2233 0.2019 
0.1362 0.02134 0.1226 0.07887 0 0 0.2228 0.2015 
0.1364 0.02128 0.1226 0.07852 0 0 0.2224 0.2011 
0.1366 0.02123 0.1225 0.07816 0 0 0.2219 0.2007 
0.1368 0.02117 0.1225 0.07781 0 0 0.2215 0.2003 
0.137 0.02111 0.1225 0.07746 0 0 0.221 0.1999 
0.1372 0.02105 0.1224 0.07712 0 0 0.2206 0.1995 
0.1374 0.021 0.1224 0.07677 0 0 0.2202 0.1992 
0.1376 0.02094 0.1223 0.07643 0 0 0.2197 0.1988 
0.1378 0.02088 0.1223 0.07609 0 0 0.2193 0.1984 
0.138 0.02083 0.1223 0.07575 0 0 0.2188 0.198 
0.1382 0.02077 0.1222 0.07541 0 0 0.2184 0.1976 
0.1384 0.02071 0.1222 0.07507 0 0 0.218 0.1973 
0.1386 0.02066 0.1222 0.07474 0 0 0.2176 0.1969 
0.1388 0.0206 0.1221 0.07441 0 0 0.2171 0.1965 
0.139 0.02055 0.1221 0.07408 0 0 0.2167 0.1962 
0.1392 0.02049 0.122 0.07375 0 0 0.2163 0.1958 
0.1394 0.02044 0.122 0.07343 0 0 0.2159 0.1954 
0.1396 0.02038 0.122 0.07311 0 0 0.2155 0.1951 
0.1398 0.02033 0.1219 0.07278 0 0 0.215 0.1947 
0.14 0.02027 0.1219 0.07246 0 0 0.2146 0.1944 
0.1402 0.02022 0.1219 0.07215 0 0 0.2142 0.194 
0.1404 0.02017 0.1218 0.07183 0 0 0.2138 0.1936 
0.1406 0.02011 0.1218 0.07152 0 0 0.2134 0.1933 
0.1408 0.02006 0.1217 0.0712 0 0 0.213 0.1929 
0.141 0.02001 0.1217 0.07089 0 0 0.2126 0.1926 
0.1412 0.01995 0.1217 0.07058 0 0 0.2122 0.1923 
0.1414 0.0199 0.1216 0.07028 0 0 0.2118 0.1919 
0.1416 0.01985 0.1216 0.06997 0 0 0.2114 0.1916 
0.1418 0.01979 0.1216 0.06967 0 0 0.211 0.1912 
0.142 0.01974 0.1215 0.06937 0 0 0.2106 0.1909 
0.1422 0.01969 0.1215 0.06907 0 0 0.2102 0.1905 
0.1424 0.01964 0.1214 0.06877 0 0 0.2098 0.1902 
0.1426 0.01959 0.1214 0.06847 0 0 0.2095 0.1899 
0.1428 0.01954 0.1214 0.06818 0 0 0.2091 0.1895 
0.143 0.01948 0.1213 0.06789 0 0 0.2087 0.1892 
0.1432 0.01943 0.1213 0.06759 0 0 0.2083 0.1889 
0.1434 0.01938 0.1213 0.06731 0 0 0.2079 0.1886 
0.1436 0.01933 0.1212 0.06702 0 0 0.2076 0.1882 
0.1438 0.01928 0.1212 0.06673 0 0 0.2072 0.1879 
0.144 0.01923 0.1211 0.06645 0 0 0.2068 0.1876 
0.1442 0.01918 0.1211 0.06616 0 0 0.2064 0.1873 
0.1444 0.01913 0.1211 0.06588 0 0 0.2061 0.1869 
0.1446 0.01908 0.121 0.0656 0 0 0.2057 0.1866 
0.1448 0.01903 0.121 0.06532 0 0 0.2053 0.1863 
0.145 0.01898 0.1209 0.06505 0 0 0.205 0.186 
0.1452 0.01894 0.1209 0.06477 0 0 0.2046 0.1857 
0.1454 0.01889 0.1209 0.0645 0 0 0.2043 0.1854 
0.1456 0.01884 0.1208 0.06423 0 0 0.2039 0.1851 
0.1458 0.01879 0.1208 0.06395 0 0 0.2035 0.1848 
0.146 0.01874 0.1208 0.06369 0 0 0.2032 0.1844 
0.1462 0.01869 0.1207 0.06342 0 0 0.2028 0.1841 
0.1464 0.01865 0.1207 0.06315 0 0 0.2025 0.1838 
0.1466 0.0186 0.1207 0.06289 0 0 0.2021 0.1835 
0.1468 0.01855 0.1206 0.06262 0 0 0.2018 0.1832 
0.147 0.0185 0.1206 0.06236 0 0 0.2014 0.1829 
0.1472 0.01846 0.1205 0.0621 0 0 0.2011 0.1826 
0.1474 0.01841 0.1205 0.06184 0 0 0.2008 0.1823 
0.1476 0.01836 0.1205 0.06159 0 0 0.2004 0.1821 
0.1478 0.01832 0.1204 0.06133 0 0 0.2001 0.1818 
0.148 0.01827 0.1204 0.06108 0 0 0.1997 0.1815 
0.1482 0.01822 0.1204 0.06082 0 0 0.1994 0.1812 
0.1484 0.01818 0.1203 0.06057 0 0 0.1991 0.1809 
0.1486 0.01813 0.1203 0.06032 0 0 0.1987 0.1806 
0.1488 0.01808 0.1202 0.06007 0 0 0.1984 0.1803 
0.149 0.01804 0.1202 0.05982 0 0 0.1981 0.18 
0.1492 0.01799 0.1202 0.05958 0 0 0.1977 0.1797 
0.1494 0.01795 0.1201 0.05933 0 0 0.1974 0.1795 
0.1496 0.0179 0.1201 0.05909 0 0 0.1971 0.1792 
0.1498 0.01786 0.1201 0.05885 0 0 0.1968 0.1789 
0.15 0.01781 0.12 0.05861 0 0 0.1964 0.1786 
0.1502 0.01777 0.12 0.05837 0 0 0.1961 0.1783 
0.1504 0.01773 0.1199 0.05813 0 0 0.1958 0.1781 
0.1506 0.01768 0.1199 0.05789 0 0 0.1955 0.1778 
0.1508 0.01764 0.1199 0.05766 0 0 0.1952 0.1775 
0.151 0.01759 0.1198 0.05742 0 0 0.1948 0.1773 
0.1512 0.01755 0.1198 0.05719 0 0 0.1945 0.177 
0.1514 0.01751 0.1198 0.05696 0 0 0.1942 0.1767 
0.1516 0.01746 0.1197 0.05673 0 0 0.1939 0.1764 
0.1518 0.01742 0.1197 0.0565 0 0 0.1936 0.1762 
0.152 0.01738 0.1196 0.05627 0 0 0.1933 0.1759 
0.1522 0.01733 0.1196 0.05604 0 0 0.193 0.1757 
0.1524 0.01729 0.1196 0.05582 0 0 0.1927 0.1754 
0.1526 0.01725 0.1195 0.05559 0 0 0.1924 0.1751 
0.1528 0.01721 0.1195 0.05537 0 0 0.1921 0.1749 
0.153 0.01716 0.1195 0.05515 0 0 0.1918 0.1746 
0.1532 0.01712 0.1194 0.05493 0 0 0.1915 0.1744 
0.1534 0.01708 0.1194 0.05471 0 0 0.1912 0.1741 
0.1536 0.01704 0.1194 0.05449 0 0 0.1909 0.1738 
0.1538 0.017 0.1193 0.05427 0 0 0.1906 0.1736 
0.154 0.01695 0.1193 0.05405 0 0 0.1903 0.1733 
0.1542 0.01691 0.1192 0.05384 0 0 0.19 0.1731 
0.1544 0.01687 0.1192 0.05363 0 0 0.1897 0.1728 
0.1546 0.01683 0.1192 0.05341 0 0 0.1894 0.1726 
0.1548 0.01679 0.1191 0.0532 0 0 0.1891 0.1723 
0.155 0.01675 0.1191 0.05299 0 0 0.1888 0.1721 
0.1552 0.01671 0.1191 0.05278 0 0 0.1886 0.1718 
0.1554 0.01667 0.119 0.05257 0 0 0.1883 0.1716 
0.1556 0.01663 0.119 0.05237 0 0 0.188 0.1714 
0.1558 0.01659 0.119 0.05216 0 0 0.1877 0.1711 
0.156 0.01655 0.1189 0.05196 0 0 0.1874 0.1709 
0.1562 0.01651 0.1189 0.05175 0 0 0.1871 0.1706 
0.1564 0.01647 0.1188 0.05155 0 0 0.1869 0.1704 
0.1566 0.01643 0.1188 0.05135 0 0 0.1866 0.1702 
0.1568 0.01639 0.1188 0.05115 0 0 0.1863 0.1699 
0.157 0.01635 0.1187 0.05095 0 0 0.186 0.1697 
0.1572 0.01631 0.1187 0.05075 0 0 0.1858 0.1694 
0.1574 0.01627 0.1187 0.05055 0 0 0.1855 0.1692 
0.1576 0.01623 0.1186 0.05035 0 0 0.1852 0.169 
0.1578 0.01619 0.1186 0.05016 0 0 0.1849 0.1687 
0.158 0.01615 0.1186 0.04996 0 0 0.1847 0.1685 
0.1582 0.01612 0.1185 0.04977 0 0 0.1844 0.1683 
0.1584 0.01608 0.1185 0.04958 0 0 0.1841 0.1681 
0.1586 0.01604 0.1184 0.04939 0 0 0.1839 0.1678 
0.1588 0.016 0.1184 0.04919 0 0 0.1836 0.1676 
0.159 0.01596 0.1184 0.049 0 0 0.1833 0.1674 
0.1592 0.01593 0.1183 0.04882 0 0 0.1831 0.1671 
0.1594 0.01589 0.1183 0.04863 0 0 0.1828 0.1669 
0.1596 0.01585 0.1183 0.04844 0 0 0.1826 0.1667 
0.1598 0.01581 0.1182 0.04826 0 0 0.1823 0.1665 
0.16 0.01578 0.1182 0.04807 0 0 0.182 0.1663 
0.1602 0.01574 0.1182 0.04789 0 0 0.1818 0.166 
0.1604 0.0157 0.1181 0.0477 0 0 0.1815 0.1658 
0.1606 0.01567 0.1181 0.04752 0 0 0.1813 0.1656 
0.1608 0.01563 0.118 0.04734 0 0 0.181 0.1654 
0.161 0.01559 0.118 0.04716 0 0 0.1808 0.1652 
0.1612 0.01556 0.118 0.04698 0 0 0.1805 0.165 
0.1614 0.01552 0.1179 0.0468 0 0 0.1803 0.1647 
0.1616 0.01548 0.1179 0.04663 0 0 0.18 0.1645 
0.1618 0.01545 0.1179 0.04645 0 0 0.1798 0.1643 
0.162 0.01541 0.1178 0.04627 0 0 0.1795 0.1641 
0.1622 0.01537 0.1178 0.0461 0 0 0.1793 0.1639 
0.1624 0.01534 0.1178 0.04593 0 0 0.179 0.1637 
0.1626 0.0153 0.1177 0.04575 0 0 0.1788 0.1635 
0.1628 0.01527 0.1177 0.04558 0 0 0.1785 0.1633 
0.163 0.01523 0.1176 0.04541 0 0 0.1783 0.1631 
0.1632 0.0152 0.1176 0.04524 0 0 0.1781 0.1629 
0.1634 0.01516 0.1176 0.04507 0 0 0.1778 0.1626 
0.1636 0.01513 0.1175 0.0449 0 0 0.1776 0.1624 
0.1638 0.01509 0.1175 0.04473 0 0 0.1773 0.1622 
0.164 0.01506 0.1175 0.04457 0 0 0.1771 0.162 
0.1642 0.01502 0.1174 0.0444 0 0 0.1769 0.1618 
0.1644 0.01499 0.1174 0.04424 0 0 0.1766 0.1616 
0.1646 0.01495 0.1174 0.04407 0 0 0.1764 0.1614 
0.1648 0.01492 0.1173 0.04391 0 0 0.1762 0.1612 
0.165 0.01489 0.1173 0.04374 0 0 0.1759 0.161 
0.1652 0.01485 0.1173 0.04358 0 0 0.1757 0.1608 
0.1654 0.01482 0.1172 0.04342 0 0 0.1755 0.1606 
0.1656 0.01478 0.1172 0.04326 0 0 0.1752 0.1604 
0.1658 0.01475 0.1172 0.0431 0 0 0.175 0.1603 
0.166 0.01472 0.1171 0.04294 0 0 0.1748 0.1601 
0.1662 0.01468 0.1171 0.04278 0 0 0.1745 0.1599 
0.1664 0.01465 0.117 0.04263 0 0 0.1743 0.1597 
0.1666 0.01462 0.117 0.04247 0 0 0.1741 0.1595 
0.1668 0.01458 0.117 0.04231 0 0 0.1739 0.1593 
0.167 0.01455 0.1169 0.04216 0 0 0.1736 0.1591 
0.1672 0.01452 0.1169 0.042 0 0 0.1734 0.1589 
0.1674 0.01449 0.1169 0.04185 0 0 0.1732 0.1587 
0.1676 0.01445 0.1168 0.0417 0 0 0.173 0.1585 
0.1678 0.01442 0.1168 0.04155 0 0 0.1728 0.1583 
0.168 0.01439 0.1168 0.0414 0 0 0.1725 0.1582 
0.1682 0.01436 0.1167 0.04124 0 0 0.1723 0.158 
0.1684 0.01432 0.1167 0.0411 0 0 0.1721 0.1578 
0.1686 0.01429 0.1167 0.04095 0 0 0.1719 0.1576 
0.1688 0.01426 0.1166 0.0408 0 0 0.1717 0.1574 
0.169 0.01423 0.1166 0.04065 0 0 0.1715 0.1572 
0.1692 0.0142 0.1166 0.0405 0 0 0.1712 0.1571 
0.1694 0.01416 0.1165 0.04036 0 0 0.171 0.1569 
0.1696 0.01413 0.1165 0.04021 0 0 0.1708 0.1567 
0.1698 0.0141 0.1164 0.04007 0 0 0.1706 0.1565 
0.17 0.01407 0.1164 0.03992 0 0 0.1704 0.1563 
0.1702 0.01404 0.1164 0.03978 0 0 0.1702 0.1562 
0.1704 0.01401 0.1163 0.03964 0 0 0.17 0.156 
0.1706 0.01398 0.1163 0.03949 0 0 0.1698 0.1558 
0.1708 0.01394 0.1163 0.03935 0 0 0.1696 0.1556 
0.171 0.01391 0.1162 0.03921 0 0 0.1694 0.1554 
0.1712 0.01388 0.1162 0.03907 0 0 0.1692 0.1553 
0.1714 0.01385 0.1162 0.03893 0 0 0.169 0.1551 
0.1716 0.01382 0.1161 0.03879 0 0 0.1687 0.1549 
0.1718 0.01379 0.1161 0.03866 0 0 0.1685 0.1548 
0.172 0.01376 0.1161 0.03852 0 0 0.1683 0.1546 
0.1722 0.01373 0.116 0.03838 0 0 0.1681 0.1544 
0.1724 0.0137 0.116 0.03825 0 0 0.1679 0.1542 
0.1726 0.01367 0.116 0.03811 0 0 0.1677 0.1541 
0.1728 0.01364 0.1159 0.03798 0 0 0.1675 0.1539 
0.173 0.01361 0.1159 0.03784 0 0 0.1673 0.1537 
0.1732 0.01358 0.1159 0.03771 0 0 0.1671 0.1536 
0.1734 0.01355 0.1158 0.03758 0 0 0.1669 0.1534 
0.1736 0.01352 0.1158 0.03744 0 0 0.1667 0.1532 
0.1738 0.01349 0.1157 0.03731 0 0 0.1666 0.1531 
0.174 0.01346 0.1157 0.03718 0 0 0.1664 0.1529 
0.1742 0.01343 0.1157 0.03705 0 0 0.1662 0.1527 
0.1744 0.0134 0.1156 0.03692 0 0 0.166 0.1526 
0.1746 0.01338 0.1156 0.03679 0 0 0.1658 0.1524 
0.1748 0.01335 0.1156 0.03666 0 0 0.1656 0.1522 
0.175 0.01332 0.1155 0.03654 0 0 0.1654 0.1521 
0.1752 0.01329 0.1155 0.03641 0 0 0.1652 0.1519 
0.1754 0.01326 0.1155 0.03628 0 0 0.165 0.1518 
0.1756 0.01323 0.1154 0.03616 0 0 0.1648 0.1516 
0.1758 0.0132 0.1154 0.03603 0 0 0.1646 0.1514 
0.176 0.01317 0.1154 0.03591 0 0 0.1644 0.1513 
0.1762 0.01315 0.1153 0.03578 0 0 0.1643 0.1511 
0.1764 0.01312 0.1153 0.03566 0 0 0.1641 0.151 
0.1766 0.01309 0.1153 0.03553 0 0 0.1639 0.1508 
0.1768 0.01306 0.1152 0.03541 0 0 0.1637 0.1506 
0.177 0.01303 0.1152 0.03529 0 0 0.1635 0.1505 
0.1772 0.01301 0.1152 0.03517 0 0 0.1633 0.1503 
0.1774 0.01298 0.1151 0.03505 0 0 0.1632 0.1502 
0.1776 0.01295 0.1151 0.03493 0 0 0.163 0.15 
0.1778 0.01292 0.1151 0.03481 0 0 0.1628 0.1499 
0.178 0.0129 0.115 0.03469 0 0 0.1626 0.1497 
0.1782 0.01287 0.115 0.03457 0 0 0.1624 0.1496 
0.1784 0.01284 0.115 0.03445 0 0 0.1622 0.1494 
0.1786 0.01281 0.1149 0.03433 0 0 0.1621 0.1493 
0.1788 0.01279 0.1149 0.03422 0 0 0.1619 0.1491 
0.179 0.01276 0.1149 0.0341 0 0 0.1617 0.149 
0.1792 0.01273 0.1148 0.03398 0 0 0.1615 0.1488 
0.1794 0.0127 0.1148 0.03387 0 0 0.1614 0.1487 
0.1796 0.01268 0.1148 0.03375 0 0 0.1612 0.1485 
0.1798 0.01265 0.1147 0.03364 0 0 0.161 0.1484 
0.18 0.01262 0.1147 0.03352 0 0 0.1608 0.1482 
0.1802 0.0126 0.1146 0.03341 0 0 0.1607 0.1481 
0.1804 0.01257 0.1146 0.0333 0 0 0.1605 0.1479 
0.1806 0.01254 0.1146 0.03319 0 0 0.1603 0.1478 
0.1808 0.01252 0.1145 0.03307 0 0 0.1601 0.1476 
0.181 0.01249 0.1145 0.03296 0 0 0.16 0.1475 
0.1812 0.01247 0.1145 0.03285 0 0 0.1598 0.1473 
0.1814 0.01244 0.1144 0.03274 0 0 0.1596 0.1472 
0.1816 0.01241 0.1144 0.03263 0 0 0.1595 0.147 
0.1818 0.01239 0.1144 0.03252 0 0 0.1593 0.1469 
0.182 0.01236 0.1143 0.03241 0 0 0.1591 0.1468 
0.1822 0.01234 0.1143 0.0323 0 0 0.159 0.1466 
0.1824 0.01231 0.1143 0.0322 0 0 0.1588 0.1465 
0.1826 0.01229 0.1142 0.03209 0 0 0.1586 0.1463 
0.1828 0.01226 0.1142 0.03198 0 0 0.1585 0.1462 
0.183 0.01223 0.1142 0.03188 0 0 0.1583 0.1461 
0.1832 0.01221 0.1141 0.03177 0 0 0.1581 0.1459 
0.1834 0.01218 0.1141 0.03166 0 0 0.158 0.1458 
0.1836 0.01216 0.1141 0.03156 0 0 0.1578 0.1456 
0.1838 0.01213 0.114 0.03145 0 0 0.1576 0.1455 
0.184 0.01211 0.114 0.03135 0 0 0.1575 0.1454 
0.1842 0.01208 0.114 0.03125 0 0 0.1573 0.1452 
0.1844 0.01206 0.1139 0.03114 0 0 0.1571 0.1451 
0.1846 0.01203 0.1139 0.03104 0 0 0.157 0.1449 
0.1848 0.01201 0.1139 0.03094 0 0 0.1568 0.1448 
0.185 0.01198 0.1138 0.03084 0 0 0.1567 0.1447 
0.1852 0.01196 0.1138 0.03074 0 0 0.1565 0.1445 
0.1854 0.01194 0.1138 0.03063 0 0 0.1563 0.1444 
0.1856 0.01191 0.1137 0.03053 0 0 0.1562 0.1443 
0.1858 0.01189 0.1137 0.03043 0 0 0.156 0.1441 
0.186 0.01186 0.1137 0.03033 0 0 0.1559 0.144 
0.1862 0.01184 0.1136 0.03023 0 0 0.1557 0.1439 
0.1864 0.01181 0.1136 0.03014 0 0 0.1556 0.1437 
0.1866 0.01179 0.1136 0.03004 0 0 0.1554 0.1436 
0.1868 0.01177 0.1135 0.02994 0 0 0.1552 0.1435 
0.187 0.01174 0.1135 0.02984 0 0 0.1551 0.1433 
0.1872 0.01172 0.1135 0.02975 0 0 0.1549 0.1432 
0.1874 0.01169 0.1134 0.02965 0 0 0.1548 0.1431 
0.1876 0.01167 0.1134 0.02955 0 0 0.1546 0.143 
0.1878 0.01165 0.1134 0.02946 0 0 0.1545 0.1428 
0.188 0.01162 0.1133 0.02936 0 0 0.1543 0.1427 
0.1882 0.0116 0.1133 0.02927 0 0 0.1542 0.1426 
0.1884 0.01158 0.1133 0.02917 0 0 0.154 0.1424 
0.1886 0.01155 0.1132 0.02908 0 0 0.1539 0.1423 
0.1888 0.01153 0.1132 0.02898 0 0 0.1537 0.1422 
0.189 0.01151 0.1132 0.02889 0 0 0.1536 0.1421 
0.1892 0.01148 0.1131 0.0288 0 0 0.1534 0.1419 
0.1894 0.01146 0.1131 0.02871 0 0 0.1533 0.1418 
0.1896 0.01144 0.1131 0.02861 0 0 0.1531 0.1417 
0.1898 0.01141 0.113 0.02852 0 0 0.153 0.1416 
0.19 0.01139 0.113 0.02843 0 0 0.1528 0.1414 
0.1902 0.01137 0.113 0.02834 0 0 0.1527 0.1413 
0.1904 0.01135 0.1129 0.02825 0 0 0.1525 0.1412 
0.1906 0.01132 0.1129 0.02816 0 0 0.1524 0.1411 
0.1908 0.0113 0.1129 0.02807 0 0 0.1522 0.1409 
0.191 0.01128 0.1128 0.02798 0 0 0.1521 0.1408 
0.1912 0.01126 0.1128 0.02789 0 0 0.152 0.1407 
0.1914 0.01123 0.1128 0.0278 0 0 0.1518 0.1406 
0.1916 0.01121 0.1127 0.02771 0 0 0.1517 0.1405 
0.1918 0.01119 0.1127 0.02763 0 0 0.1515 0.1403 
0.192 0.01117 0.1127 0.02754 0 0 0.1514 0.1402 
0.1922 0.01114 0.1126 0.02745 0 0 0.1512 0.1401 
0.1924 0.01112 0.1126 0.02737 0 0 0.1511 0.14 
0.1926 0.0111 0.1126 0.02728 0 0 0.151 0.1399 
0.1928 0.01108 0.1126 0.02719 0 0 0.1508 0.1397 
0.193 0.01106 0.1125 0.02711 0 0 0.1507 0.1396 
0.1932 0.01103 0.1125 0.02702 0 0 0.1505 0.1395 
0.1934 0.01101 0.1125 0.02694 0 0 0.1504 0.1394 
0.1936 0.01099 0.1124 0.02685 0 0 0.1503 0.1393 
0.1938 0.01097 0.1124 0.02677 0 0 0.1501 0.1392 
0.194 0.01095 0.1124 0.02668 0 0 0.15 0.139 
0.1942 0.01093 0.1123 0.0266 0 0 0.1499 0.1389 
0.1944 0.01091 0.1123 0.02652 0 0 0.1497 0.1388 
0.1946 0.01088 0.1123 0.02644 0 0 0.1496 0.1387 
0.1948 0.01086 0.1122 0.02635 0 0 0.1494 0.1386 
0.195 0.01084 0.1122 0.02627 0 0 0.1493 0.1385 
0.1952 0.01082 0.1122 0.02619 0 0 0.1492 0.1384 
0.1954 0.0108 0.1121 0.02611 0 0 0.149 0.1382 
0.1956 0.01078 0.1121 0.02603 0 0 0.1489 0.1381 
0.1958 0.01076 0.1121 0.02595 0 0 0.1488 0.138 
0.196 0.01074 0.112 0.02587 0 0 0.1486 0.1379 
0.1962 0.01072 0.112 0.02579 0 0 0.1485 0.1378 
0.1964 0.01069 0.112 0.02571 0 0 0.1484 0.1377 
0.1966 0.01067 0.1119 0.02563 0 0 0.1482 0.1376 
0.1968 0.01065 0.1119 0.02555 0 0 0.1481 0.1375 
0.197 0.01063 0.1119 0.02547 0 0 0.148 0.1373 
0.1972 0.01061 0.1118 0.02539 0 0 0.1478 0.1372 
0.1974 0.01059 0.1118 0.02531 0 0 0.1477 0.1371 
0.1976 0.01057 0.1118 0.02524 0 0 0.1476 0.137 
0.1978 0.01055 0.1117 0.02516 0 0 0.1475 0.1369 
0.198 0.01053 0.1117 0.02508 0 0 0.1473 0.1368 
0.1982 0.01051 0.1117 0.025 0 0 0.1472 0.1367 
0.1984 0.01049 0.1116 0.02493 0 0 0.1471 0.1366 
0.1986 0.01047 0.1116 0.02485 0 0 0.1469 0.1365 
0.1988 0.01045 0.1116 0.02478 0 0 0.1468 0.1364 
0.199 0.01043 0.1116 0.0247 0 0 0.1467 0.1363 
0.1992 0.01041 0.1115 0.02462 0 0 0.1466 0.1361 
0.1994 0.01039 0.1115 0.02455 0 0 0.1464 0.136 
0.1996 0.01037 0.1115 0.02448 0 0 0.1463 0.1359 
0.1998 0.01035 0.1114 0.0244 0 0 0.1462 0.1358 
