0.001 7.496 0.007102 3179 0 0 3186 3179 
0.0012 7.356 0.009316 2112 0 0 2119 2112 
0.0014 7.218 0.01164 1497 0 0 1504 1497 
0.0016 7.071 0.01397 2033 0 0 2040 2033 
0.0018 6.929 0.01628 2931 0 0 2938 2931 
0.002 6.778 0.01856 2635 0 0 2642 2635 
0.0022 6.622 0.02083 2356 0 0 2363 2356 
0.0024 6.485 0.02307 2013 0 0 2019 2013 
0.0026 6.345 0.02527 1724 0 0 1730 1724 
0.0028 6.197 0.02742 1442 0 0 1448 1442 
0.003 6.049 0.02952 1221 0 0 1228 1221 
0.0032 5.907 0.03158 1041 0 0 1047 1041 
0.0034 5.769 0.03359 896.6 0 0 902.4 896.7 
0.0036 5.634 0.03555 778.6 0 0 784.2 778.6 
0.0038 5.502 0.03746 681.2 0 0 686.7 681.2 
0.004 5.372 0.03932 600.1 0 0 605.5 600.1 
0.0042 5.245 0.04113 530.3 0 0 535.6 530.3 
0.0044 5.12 0.04289 471.3 0 0 476.5 471.3 
0.0046 4.998 0.04461 421.1 0 0 426.1 421.1 
0.0048 4.879 0.04627 378 0 0 382.9 378 
0.005 4.764 0.04789 340.8 0 0 345.6 340.8 
0.0052 4.651 0.04946 308 0 0 312.7 308.1 
0.0054 4.542 0.05098 279.5 0 0 284.1 279.5 
0.0056 4.436 0.05245 254.5 0 0 259 254.5 
0.0058 4.333 0.05389 232.5 0 0 236.9 232.5 
0.006 4.233 0.05527 213 0 0 217.3 213.1 
0.0062 4.136 0.05662 195.5 0 0 199.7 195.6 
0.0064 4.042 0.05793 180 0 0 184.1 180 
0.0066 3.95 0.05919 166 0 0 170.1 166.1 
0.0068 3.862 0.06042 153.6 0 0 157.5 153.6 
0.007 3.776 0.06162 142.4 0 0 146.2 142.4 
0.0072 3.692 0.06278 132.3 0 0 136 132.3 
0.0074 3.611 0.06391 123.1 0 0 126.8 123.2 
0.0076 3.532 0.06501 114.8 0 0 118.4 114.9 
0.0078 3.456 0.06608 107.3 0 0 110.8 107.4 
0.008 3.382 0.06712 100.4 0 0 103.9 100.5 
0.0082 3.31 0.06813 94.06 0 0 97.44 94.13 
0.0084 3.241 0.06911 88.25 0 0 91.56 88.32 
0.0086 3.173 0.07008 82.93 0 0 86.17 83 
0.0088 3.107 0.07101 78.03 0 0 81.21 78.11 
0.009 3.044 0.07192 73.53 0 0 76.65 73.6 
0.0092 2.982 0.07282 69.38 0 0 72.43 69.45 
0.0094 2.922 0.07368 163.2 0 0 166.2 163.3 
0.0096 2.864 0.07453 154.5 0 0 157.4 154.6 
0.0098 2.807 0.07536 146.4 0 0 149.3 146.5 
0.01 2.752 0.07618 138.9 0 0 141.7 139 
0.0102 2.698 0.07697 131.7 0 0 134.5 131.8 
0.0104 2.645 0.07775 170.1 0 0 172.8 170.2 
0.0106 2.595 0.07851 162.3 0 0 165 162.4 
0.0108 2.546 0.07926 155.1 0 0 157.7 155.1 
0.011 2.498 0.07999 170.5 0 0 173.1 170.6 
0.0112 2.452 0.0807 162.8 0 0 165.3 162.8 
0.0114 2.406 0.0814 155.5 0 0 158 155.6 
0.0116 2.362 0.08208 148.7 0 0 151.1 148.8 
0.0118 2.319 0.08275 142.3 0 0 144.7 142.4 
0.012 2.277 0.08341 136.2 0 0 138.6 136.3 
0.0122 2.236 0.08405 130.6 0 0 132.9 130.6 
0.0124 2.196 0.08469 125.2 0 0 127.5 125.3 
0.0126 2.157 0.08531 120.1 0 0 122.4 120.2 
0.0128 2.12 0.08592 115.4 0 0 117.6 115.4 
0.013 2.083 0.08652 110.8 0 0 113 110.9 
0.0132 2.047 0.0871 106.6 0 0 108.7 106.6 
0.0134 2.012 0.08768 102.5 0 0 104.6 102.6 
0.0136 1.978 0.08825 98.66 0 0 100.7 98.75 
0.0138 1.945 0.0888 95.02 0 0 97.05 95.11 
0.014 1.913 0.08935 91.56 0 0 93.56 91.65 
0.0142 1.882 0.08989 88.27 0 0 90.24 88.36 
0.0144 1.851 0.09042 85.15 0 0 87.09 85.24 
0.0146 1.821 0.09094 82.17 0 0 84.08 82.26 
0.0148 1.792 0.09145 79.34 0 0 81.22 79.43 
0.015 1.764 0.09195 76.64 0 0 78.5 76.73 
0.0152 1.737 0.09244 73.99 0 0 75.82 74.08 
0.0154 1.71 0.09293 71.46 0 0 73.26 71.55 
0.0156 1.684 0.09341 69.05 0 0 70.82 69.14 
0.0158 1.658 0.09388 66.74 0 0 68.5 66.84 
0.016 1.633 0.09434 64.55 0 0 66.27 64.64 
0.0162 1.609 0.0948 62.45 0 0 64.15 62.54 
0.0164 1.586 0.09525 60.44 0 0 62.12 60.54 
0.0166 1.563 0.09569 58.52 0 0 60.18 58.62 
0.0168 1.54 0.09612 56.69 0 0 58.32 56.78 
0.017 1.518 0.09655 54.93 0 0 56.55 55.03 
0.0172 1.497 0.09697 53.25 0 0 54.84 53.34 
0.0174 1.476 0.09738 51.63 0 0 53.21 51.73 
0.0176 1.455 0.09779 50.09 0 0 51.64 50.19 
0.0178 1.435 0.09819 48.6 0 0 50.14 48.7 
0.018 1.416 0.09859 47.18 0 0 48.7 47.28 
0.0182 1.397 0.09898 45.81 0 0 47.31 45.91 
0.0184 1.378 0.09936 44.5 0 0 45.98 44.6 
0.0186 1.36 0.09974 43.24 0 0 44.7 43.34 
0.0188 1.342 0.1001 42.03 0 0 43.47 42.13 
0.019 1.325 0.1005 40.86 0 0 42.28 40.96 
0.0192 1.308 0.1008 39.74 0 0 41.14 39.84 
0.0194 1.291 0.1012 38.66 0 0 40.05 38.76 
0.0196 1.274 0.1015 37.61 0 0 38.99 37.72 
0.0198 1.259 0.1019 36.61 0 0 37.97 36.71 
0.02 1.243 0.1022 35.65 0 0 36.99 35.75 
0.0202 1.228 0.1026 34.7 0 0 36.03 34.8 
0.0204 1.213 0.1029 33.78 0 0 35.1 33.89 
0.0206 1.198 0.1032 32.9 0 0 34.2 33.01 
0.0208 1.183 0.1035 32.05 0 0 33.34 32.16 
0.021 1.169 0.1038 31.23 0 0 32.51 31.34 
0.0212 1.155 0.1041 30.44 0 0 31.7 30.55 
0.0214 1.142 0.1045 29.68 0 0 30.92 29.78 
0.0216 1.129 0.1048 28.94 0 0 30.17 29.04 
0.0218 1.115 0.105 28.23 0 0 29.45 28.33 
0.022 1.103 0.1053 27.54 0 0 28.74 27.64 
0.0222 1.09 0.1056 26.87 0 0 28.06 26.97 
0.0224 1.078 0.1059 26.22 0 0 27.41 26.33 
0.0226 1.066 0.1062 25.6 0 0 26.77 25.71 
0.0228 1.054 0.1065 25 0 0 26.16 25.1 
0.023 1.042 0.1067 24.41 0 0 25.56 24.52 
0.0232 1.03 0.107 23.85 0 0 24.98 23.95 
0.0234 1.019 0.1073 23.3 0 0 24.42 23.41 
0.0236 1.008 0.1075 22.77 0 0 23.88 22.87 
0.0238 0.9972 0.1078 22.25 0 0 23.36 22.36 
0.024 0.9864 0.108 21.75 0 0 22.85 21.86 
0.0242 0.9759 0.1083 21.27 0 0 22.35 21.38 
0.0244 0.9655 0.1085 20.8 0 0 21.88 20.91 
0.0246 0.9553 0.1088 20.35 0 0 21.41 20.46 
0.0248 0.9453 0.109 19.91 0 0 20.96 20.01 
0.025 0.9354 0.1092 19.48 0 0 20.52 19.59 
0.0252 0.9257 0.1095 19.06 0 0 20.1 19.17 
0.0254 0.9161 0.1097 18.66 0 0 19.68 18.77 
0.0256 0.9067 0.1099 18.27 0 0 19.28 18.38 
0.0258 0.8974 0.1101 17.88 0 0 18.89 17.99 
0.026 0.8883 0.1103 17.51 0 0 18.51 17.62 
0.0262 0.8793 0.1106 17.15 0 0 18.14 17.27 
0.0264 0.8705 0.1108 16.8 0 0 17.79 16.92 
0.0266 0.8617 0.111 16.46 0 0 17.44 16.58 
0.0268 0.8532 0.1112 16.13 0 0 17.1 16.25 
0.027 0.8447 0.1114 15.81 0 0 16.77 15.92 
0.0272 0.8364 0.1116 15.5 0 0 16.45 15.61 
0.0274 0.8281 0.1118 15.2 0 0 16.13 15.31 
0.0276 0.82 0.112 14.9 0 0 15.83 15.01 
0.0278 0.8121 0.1121 14.61 0 0 15.53 14.72 
0.028 0.8042 0.1123 14.33 0 0 15.25 14.44 
0.0282 0.7964 0.1125 14.06 0 0 14.96 14.17 
0.0284 0.7888 0.1127 13.79 0 0 14.69 13.9 
0.0286 0.7812 0.1129 13.53 0 0 14.42 13.64 
0.0288 0.7738 0.113 13.28 0 0 14.16 13.39 
0.029 0.7665 0.1132 13.03 0 0 13.91 13.14 
0.0292 0.7592 0.1134 12.79 0 0 13.66 12.9 
0.0294 0.7521 0.1136 12.56 0 0 13.42 12.67 
0.0296 0.745 0.1137 12.33 0 0 13.19 12.44 
0.0298 0.7381 0.1139 12.1 0 0 12.96 12.22 
0.03 0.7312 0.114 11.89 0 0 12.73 12 
0.0302 0.7244 0.1142 11.67 0 0 12.51 11.79 
0.0304 0.7178 0.1144 11.46 0 0 12.29 11.58 
0.0306 0.7112 0.1145 11.26 0 0 12.08 11.37 
0.0308 0.7047 0.1147 11.06 0 0 11.88 11.17 
0.031 0.6982 0.1148 10.86 0 0 11.67 10.98 
0.0312 0.6919 0.1149 10.67 0 0 11.48 10.79 
0.0314 0.6856 0.1151 10.49 0 0 11.29 10.6 
0.0316 0.6795 0.1152 10.3 0 0 11.1 10.42 
0.0318 0.6734 0.1154 10.13 0 0 10.92 10.24 
0.032 0.6674 0.1155 9.953 0 0 10.74 10.07 
0.0322 0.6614 0.1156 9.784 0 0 10.56 9.9 
0.0324 0.6556 0.1158 9.619 0 0 10.39 9.735 
0.0326 0.6498 0.1159 9.457 0 0 10.22 9.573 
0.0328 0.644 0.116 9.299 0 0 10.06 9.416 
0.033 0.6384 0.1162 9.145 0 0 9.9 9.261 
0.0332 0.6328 0.1163 8.995 0 0 9.744 9.111 
0.0334 0.6273 0.1164 8.847 0 0 9.591 8.964 
0.0336 0.6219 0.1165 8.703 0 0 9.441 8.82 
0.0338 0.6165 0.1166 8.562 0 0 9.295 8.679 
0.034 0.6112 0.1168 8.424 0 0 9.152 8.541 
0.0342 0.606 0.1169 8.289 0 0 9.012 8.406 
0.0344 0.6008 0.117 8.157 0 0 8.875 8.274 
0.0346 0.5957 0.1171 8.028 0 0 8.741 8.145 
0.0348 0.5907 0.1172 7.902 0 0 8.61 8.019 
0.035 0.5857 0.1173 7.778 0 0 8.482 7.896 
0.0352 0.5808 0.1174 7.657 0 0 8.356 7.775 
0.0354 0.5759 0.1175 7.539 0 0 8.233 7.657 
0.0356 0.5711 0.1176 7.423 0 0 8.112 7.541 
0.0358 0.5664 0.1177 7.31 0 0 7.994 7.427 
0.036 0.5617 0.1178 7.198 0 0 7.878 7.316 
0.0362 0.5571 0.1179 7.09 0 0 7.765 7.207 
0.0364 0.5525 0.118 6.983 0 0 7.653 7.101 
0.0366 0.548 0.1181 6.878 0 0 7.545 6.997 
0.0368 0.5436 0.1182 6.776 0 0 7.438 6.894 
0.037 0.5392 0.1183 6.676 0 0 7.333 6.794 
0.0372 0.5348 0.1184 6.578 0 0 7.231 6.696 
0.0374 0.5305 0.1185 6.481 0 0 7.13 6.6 
0.0376 0.5263 0.1186 6.387 0 0 7.032 6.505 
0.0378 0.5221 0.1187 6.294 0 0 6.935 6.413 
0.038 0.5179 0.1187 6.204 0 0 6.84 6.322 
0.0382 0.5138 0.1188 6.115 0 0 6.747 6.233 
0.0384 0.5098 0.1189 6.027 0 0 6.656 6.146 
0.0386 0.5058 0.119 5.942 0 0 6.567 6.061 
0.0388 0.5018 0.1191 5.858 0 0 6.479 5.977 
0.039 0.4979 0.1191 5.776 0 0 6.393 5.895 
0.0392 0.494 0.1192 5.695 0 0 6.308 5.814 
0.0394 0.4902 0.1193 5.616 0 0 6.225 5.735 
0.0396 0.4864 0.1194 5.538 0 0 6.144 5.658 
0.0398 0.4827 0.1194 5.462 0 0 6.064 5.581 
0.04 0.479 0.1195 5.387 0 0 5.986 5.507 
0.0402 0.4753 0.1196 5.313 0 0 5.908 5.433 
0.0404 0.4717 0.1197 5.24 0 0 5.832 5.36 
0.0406 0.4682 0.1197 5.169 0 0 5.757 5.289 
0.0408 0.4646 0.1198 5.099 0 0 5.683 5.219 
0.041 0.4612 0.1199 5.03 0 0 5.611 5.15 
0.0412 0.4577 0.1199 4.963 0 0 5.54 5.083 
0.0414 0.4543 0.12 4.896 0 0 5.471 5.016 
0.0416 0.4509 0.12 4.831 0 0 5.402 4.951 
0.0418 0.4476 0.1201 4.767 0 0 5.335 4.888 
0.042 0.4443 0.1202 4.705 0 0 5.269 4.825 
0.0422 0.4411 0.1202 4.643 0 0 5.204 4.763 
0.0424 0.4378 0.1203 4.583 0 0 5.141 4.703 
0.0426 0.4346 0.1203 4.523 0 0 5.078 4.643 
0.0428 0.4315 0.1204 4.465 0 0 5.017 4.585 
0.043 0.4284 0.1204 4.407 0 0 4.956 4.528 
0.0432 0.4253 0.1205 4.351 0 0 4.897 4.471 
0.0434 0.4222 0.1205 4.295 0 0 4.838 4.416 
0.0436 0.4192 0.1206 4.241 0 0 4.781 4.361 
0.0438 0.4163 0.1206 4.187 0 0 4.724 4.308 
0.044 0.4133 0.1207 4.135 0 0 4.669 4.255 
0.0442 0.4104 0.1207 4.083 0 0 4.614 4.204 
0.0444 0.4075 0.1208 4.032 0 0 4.56 4.153 
0.0446 0.4047 0.1208 3.982 0 0 4.508 4.103 
0.0448 0.4018 0.1209 3.933 0 0 4.456 4.054 
0.045 0.399 0.1209 3.885 0 0 4.405 4.006 
0.0452 0.3963 0.121 3.837 0 0 4.354 3.958 
0.0454 0.3935 0.121 3.79 0 0 4.305 3.911 
0.0456 0.3908 0.1211 3.744 0 0 4.256 3.865 
0.0458 0.3882 0.1211 3.699 0 0 4.208 3.82 
0.046 0.3855 0.1211 3.655 0 0 4.161 3.776 
0.0462 0.3829 0.1212 3.611 0 0 4.115 3.732 
0.0464 0.3803 0.1212 3.568 0 0 4.069 3.689 
0.0466 0.3778 0.1213 3.526 0 0 4.025 3.647 
0.0468 0.3752 0.1213 3.484 0 0 3.98 3.605 
0.047 0.3727 0.1213 3.443 0 0 3.937 3.564 
0.0472 0.3702 0.1214 3.403 0 0 3.894 3.524 
0.0474 0.3678 0.1214 3.363 0 0 3.852 3.484 
0.0476 0.3653 0.1214 3.324 0 0 3.811 3.445 
0.0478 0.3629 0.1215 3.285 0 0 3.77 3.407 
0.048 0.3606 0.1215 3.247 0 0 3.73 3.369 
0.0482 0.3582 0.1215 3.21 0 0 3.69 3.332 
0.0484 0.3559 0.1216 3.174 0 0 3.651 3.295 
0.0486 0.3536 0.1216 3.137 0 0 3.613 3.259 
0.0488 0.3513 0.1216 3.102 0 0 3.575 3.223 
0.049 0.349 0.1217 3.067 0 0 3.537 3.188 
0.0492 0.3468 0.1217 3.032 0 0 3.501 3.154 
0.0494 0.3446 0.1217 2.998 0 0 3.465 3.12 
0.0496 0.3424 0.1218 2.965 0 0 3.429 3.087 
0.0498 0.3402 0.1218 2.932 0 0 3.394 3.054 
0.05 0.3381 0.1218 2.9 0 0 3.359 3.021 
0.0502 0.3359 0.1218 2.867 0 0 3.325 2.989 
0.0504 0.3338 0.1219 2.836 0 0 3.291 2.958 
0.0506 0.3318 0.1219 2.805 0 0 3.258 2.926 
0.0508 0.3297 0.1219 2.774 0 0 3.225 2.896 
0.051 0.3277 0.1219 2.744 0 0 3.193 2.866 
0.0512 0.3256 0.122 2.714 0 0 3.161 2.836 
0.0514 0.3236 0.122 2.684 0 0 3.13 2.806 
0.0516 0.3217 0.122 2.655 0 0 3.099 2.777 
0.0518 0.3197 0.122 2.627 0 0 3.069 2.749 
0.052 0.3177 0.122 2.599 0 0 3.039 2.721 
0.0522 0.3158 0.1221 2.571 0 0 3.009 2.693 
0.0524 0.3139 0.1221 2.544 0 0 2.98 2.666 
0.0526 0.312 0.1221 2.517 0 0 2.951 2.639 
0.0528 0.3102 0.1221 2.49 0 0 2.923 2.612 
0.053 0.3083 0.1221 2.464 0 0 2.895 2.586 
0.0532 0.3065 0.1222 2.438 0 0 2.867 2.561 
0.0534 0.3047 0.1222 2.413 0 0 2.84 2.535 
0.0536 0.3029 0.1222 2.388 0 0 2.813 2.51 
0.0538 0.3011 0.1222 2.363 0 0 2.787 2.485 
0.054 0.2993 0.1222 2.339 0 0 2.76 2.461 
0.0542 0.2976 0.1222 2.315 0 0 2.735 2.437 
0.0544 0.2958 0.1222 2.291 0 0 2.709 2.413 
0.0546 0.2941 0.1223 2.268 0 0 2.684 2.39 
0.0548 0.2924 0.1223 2.245 0 0 2.659 2.367 
0.055 0.2907 0.1223 2.222 0 0 2.635 2.344 
0.0552 0.289 0.1223 2.2 0 0 2.611 2.322 
0.0554 0.2874 0.1223 2.178 0 0 2.587 2.3 
0.0556 0.2857 0.1223 2.156 0 0 2.564 2.278 
0.0558 0.2841 0.1223 2.134 0 0 2.541 2.257 
0.056 0.2825 0.1223 2.113 0 0 2.518 2.235 
0.0562 0.2809 0.1224 2.092 0 0 2.495 2.214 
0.0564 0.2793 0.1224 2.071 0 0 2.473 2.194 
0.0566 0.2777 0.1224 2.051 0 0 2.451 2.173 
0.0568 0.2762 0.1224 2.031 0 0 2.43 2.153 
0.057 0.2746 0.1224 2.011 0 0 2.408 2.134 
0.0572 0.2731 0.1224 1.992 0 0 2.387 2.114 
0.0574 0.2716 0.1224 1.972 0 0 2.366 2.095 
0.0576 0.2701 0.1224 1.953 0 0 2.346 2.076 
0.0578 0.2686 0.1224 1.934 0 0 2.325 2.057 
0.058 0.2671 0.1224 1.916 0 0 2.305 2.038 
0.0582 0.2656 0.1224 1.898 0 0 2.286 2.02 
0.0584 0.2642 0.1224 1.879 0 0 2.266 2.002 
0.0586 0.2628 0.1224 1.862 0 0 2.247 1.984 
0.0588 0.2613 0.1224 1.844 0 0 2.228 1.966 
0.059 0.2599 0.1224 1.827 0 0 2.209 1.949 
0.0592 0.2585 0.1224 1.809 0 0 2.19 1.932 
0.0594 0.2571 0.1224 1.792 0 0 2.172 1.915 
0.0596 0.2557 0.1224 1.776 0 0 2.154 1.898 
0.0598 0.2544 0.1224 1.759 0 0 2.136 1.882 
0.06 0.253 0.1224 1.743 0 0 2.118 1.865 
0.0602 0.2516 0.1225 1.727 0 0 2.101 1.849 
0.0604 0.2503 0.1225 1.711 0 0 2.083 1.833 
0.0606 0.249 0.1224 1.695 0 0 2.066 1.817 
0.0608 0.2477 0.1224 1.679 0 0 2.05 1.802 
0.061 0.2464 0.1224 1.664 0 0 2.033 1.786 
0.0612 0.2451 0.1224 1.649 0 0 2.016 1.771 
0.0614 0.2438 0.1224 1.634 0 0 2 1.756 
0.0616 0.2425 0.1224 1.619 0 0 1.984 1.741 
0.0618 0.2413 0.1224 1.604 0 0 1.968 1.727 
0.062 0.24 0.1224 1.59 0 0 1.952 1.712 
0.0622 0.2388 0.1224 1.576 0 0 1.937 1.698 
0.0624 0.2375 0.1224 1.562 0 0 1.922 1.684 
0.0626 0.2363 0.1224 1.548 0 0 1.906 1.67 
0.0628 0.2351 0.1224 1.534 0 0 1.891 1.656 
0.063 0.2339 0.1224 1.52 0 0 1.877 1.643 
0.0632 0.2327 0.1224 1.507 0 0 1.862 1.629 
0.0634 0.2315 0.1224 7.745 0 0 8.099 7.867 
0.0636 0.2303 0.1224 7.681 0 0 8.034 7.803 
0.0638 0.2292 0.1224 7.618 0 0 7.97 7.74 
0.064 0.228 0.1224 7.556 0 0 7.906 7.678 
0.0642 0.2269 0.1224 7.494 0 0 7.843 7.617 
0.0644 0.2257 0.1224 7.433 0 0 7.781 7.556 
0.0646 0.2246 0.1224 7.373 0 0 7.72 7.496 
0.0648 0.2235 0.1224 7.314 0 0 7.66 7.436 
0.065 0.2224 0.1224 7.255 0 0 7.6 7.377 
0.0652 0.2213 0.1224 7.197 0 0 7.54 7.319 
0.0654 0.2202 0.1223 7.139 0 0 7.482 7.261 
0.0656 0.2191 0.1223 7.082 0 0 7.424 7.204 
0.0658 0.2181 0.1223 7.026 0 0 7.366 7.148 
0.066 0.217 0.1223 6.97 0 0 7.309 7.092 
0.0662 0.2159 0.1223 6.915 0 0 7.253 7.037 
0.0664 0.2149 0.1223 6.861 0 0 7.198 6.983 
0.0666 0.2138 0.1223 6.807 0 0 7.143 6.929 
0.0668 0.2128 0.1223 6.753 0 0 7.089 6.876 
0.067 0.2118 0.1223 6.701 0 0 7.035 6.823 
0.0672 0.2108 0.1223 6.648 0 0 6.982 6.771 
0.0674 0.2098 0.1223 6.597 0 0 6.929 6.719 
0.0676 0.2088 0.1222 6.546 0 0 6.877 6.668 
0.0678 0.2078 0.1222 6.495 0 0 6.825 6.618 
0.068 0.2068 0.1222 6.445 0 0 6.774 6.568 
0.0682 0.2058 0.1222 6.396 0 0 6.724 6.518 
0.0684 0.2048 0.1222 6.347 0 0 6.674 6.469 
0.0686 0.2039 0.1222 6.298 0 0 6.625 6.421 
0.0688 0.2029 0.1222 6.251 0 0 6.576 6.373 
0.069 0.2019 0.1222 6.203 0 0 6.527 6.325 
0.0692 0.201 0.1222 6.156 0 0 6.479 6.278 
0.0694 0.2001 0.1222 6.11 0 0 6.432 6.232 
0.0696 0.1991 0.1221 6.064 0 0 6.385 6.186 
0.0698 0.1982 0.1221 6.018 0 0 6.339 6.14 
0.07 0.1973 0.1221 5.973 0 0 6.293 6.095 
0.0702 0.1964 0.1221 5.929 0 0 6.247 6.051 
0.0704 0.1955 0.1221 5.885 0 0 6.202 6.007 
0.0706 0.1946 0.1221 5.841 0 0 6.157 5.963 
0.0708 0.1937 0.1221 5.798 0 0 6.113 5.92 
0.071 0.1928 0.122 5.755 0 0 6.07 5.877 
0.0712 0.1919 0.122 5.712 0 0 6.026 5.834 
0.0714 0.1911 0.122 5.671 0 0 5.984 5.793 
0.0716 0.1902 0.122 5.629 0 0 5.941 5.751 
0.0718 0.1893 0.122 5.588 0 0 5.899 5.71 
0.072 0.1885 0.122 5.547 0 0 5.858 5.669 
0.0722 0.1876 0.122 5.507 0 0 5.817 5.629 
0.0724 0.1868 0.1219 5.467 0 0 5.776 5.589 
0.0726 0.1859 0.1219 5.428 0 0 5.735 5.549 
0.0728 0.1851 0.1219 5.388 0 0 5.695 5.51 
0.073 0.1843 0.1219 5.35 0 0 5.656 5.472 
0.0732 0.1835 0.1219 5.311 0 0 5.617 5.433 
0.0734 0.1826 0.1219 5.273 0 0 5.578 5.395 
0.0736 0.1818 0.1219 5.236 0 0 5.539 5.358 
0.0738 0.181 0.1218 5.199 0 0 5.501 5.32 
0.074 0.1802 0.1218 5.162 0 0 5.464 5.283 
0.0742 0.1794 0.1218 5.125 0 0 5.426 5.247 
0.0744 0.1787 0.1218 5.089 0 0 5.389 5.211 
0.0746 0.1779 0.1218 5.053 0 0 5.353 5.175 
0.0748 0.1771 0.1218 5.018 0 0 5.317 5.139 
0.075 0.1763 0.1217 4.983 0 0 5.281 5.104 
0.0752 0.1756 0.1217 4.948 0 0 5.245 5.069 
0.0754 0.1748 0.1217 4.913 0 0 5.21 5.035 
0.0756 0.174 0.1217 4.879 0 0 5.175 5.001 
0.0758 0.1733 0.1217 4.845 0 0 5.14 4.967 
0.076 0.1725 0.1217 4.812 0 0 5.106 4.933 
0.0762 0.1718 0.1216 4.779 0 0 5.072 4.9 
0.0764 0.171 0.1216 4.746 0 0 5.038 4.867 
0.0766 0.1703 0.1216 4.713 0 0 5.005 4.835 
0.0768 0.1696 0.1216 4.681 0 0 4.972 4.802 
0.077 0.1689 0.1216 4.649 0 0 4.939 4.77 
0.0772 0.1681 0.1215 4.617 0 0 4.907 4.739 
0.0774 0.1674 0.1215 4.586 0 0 4.875 4.707 
0.0776 0.1667 0.1215 4.555 0 0 4.843 4.676 
0.0778 0.166 0.1215 4.524 0 0 4.811 4.645 
0.078 0.1653 0.1215 4.493 0 0 4.78 4.615 
0.0782 0.1646 0.1214 4.463 0 0 4.749 4.584 
0.0784 0.1639 0.1214 4.433 0 0 4.718 4.554 
0.0786 0.1632 0.1214 4.403 0 0 4.688 4.525 
0.0788 0.1625 0.1214 4.374 0 0 4.658 4.495 
0.079 0.1619 0.1214 4.345 0 0 4.628 4.466 
0.0792 0.1612 0.1213 4.316 0 0 4.598 4.437 
0.0794 0.1605 0.1213 4.287 0 0 4.569 4.408 
0.0796 0.1598 0.1213 4.259 0 0 4.54 4.38 
0.0798 0.1592 0.1213 4.231 0 0 4.511 4.352 
0.08 0.1585 0.1213 4.203 0 0 4.482 4.324 
0.0802 0.1579 0.1212 4.175 0 0 4.454 4.296 
0.0804 0.1572 0.1212 4.148 0 0 4.426 4.269 
0.0806 0.1566 0.1212 4.121 0 0 4.398 4.242 
0.0808 0.1559 0.1212 4.094 0 0 4.371 4.215 
0.081 0.1553 0.1212 4.067 0 0 4.343 4.188 
0.0812 0.1546 0.1211 4.04 0 0 4.316 4.162 
0.0814 0.154 0.1211 4.014 0 0 4.289 4.135 
0.0816 0.1534 0.1211 3.988 0 0 4.263 4.109 
0.0818 0.1527 0.1211 3.963 0 0 4.236 4.084 
0.082 0.1521 0.121 3.937 0 0 4.21 4.058 
0.0822 0.1515 0.121 3.912 0 0 4.184 4.033 
0.0824 0.1509 0.121 3.887 0 0 4.159 4.008 
0.0826 0.1503 0.121 3.862 0 0 4.133 3.983 
0.0828 0.1497 0.1209 3.837 0 0 4.108 3.958 
0.083 0.1491 0.1209 3.813 0 0 4.083 3.934 
0.0832 0.1485 0.1209 3.788 0 0 4.058 3.909 
0.0834 0.1479 0.1209 3.764 0 0 4.033 3.885 
0.0836 0.1473 0.1209 3.741 0 0 4.009 3.861 
0.0838 0.1467 0.1208 3.717 0 0 3.984 3.838 
0.084 0.1461 0.1208 3.694 0 0 3.96 3.814 
0.0842 0.1455 0.1208 3.67 0 0 3.937 3.791 
0.0844 0.1449 0.1208 3.647 0 0 3.913 3.768 
0.0846 0.1444 0.1207 3.624 0 0 3.89 3.745 
0.0848 0.1438 0.1207 3.602 0 0 3.866 3.723 
0.085 0.1432 0.1207 3.579 0 0 3.843 3.7 
0.0852 0.1427 0.1207 3.557 0 0 3.82 3.678 
0.0854 0.1421 0.1206 3.535 0 0 3.798 3.656 
0.0856 0.1415 0.1206 3.513 0 0 3.775 3.634 
0.0858 0.141 0.1206 3.491 0 0 3.753 3.612 
0.086 0.1404 0.1206 3.47 0 0 3.731 3.59 
0.0862 0.1399 0.1205 3.449 0 0 3.709 3.569 
0.0864 0.1393 0.1205 3.427 0 0 3.687 3.548 
0.0866 0.1388 0.1205 3.406 0 0 3.666 3.527 
0.0868 0.1382 0.1205 3.386 0 0 3.644 3.506 
0.087 0.1377 0.1204 3.365 0 0 3.623 3.485 
0.0872 0.1372 0.1204 3.344 0 0 3.602 3.465 
0.0874 0.1366 0.1204 3.324 0 0 3.581 3.445 
0.0876 0.1361 0.1204 3.304 0 0 3.56 3.424 
0.0878 0.1356 0.1203 3.284 0 0 3.54 3.404 
0.088 0.1351 0.1203 3.264 0 0 3.52 3.385 
0.0882 0.1345 0.1203 3.245 0 0 3.499 3.365 
0.0884 0.134 0.1203 3.225 0 0 3.479 3.345 
0.0886 0.1335 0.1202 3.206 0 0 3.459 3.326 
0.0888 0.133 0.1202 3.187 0 0 3.44 3.307 
0.089 0.1325 0.1202 3.168 0 0 3.42 3.288 
0.0892 0.132 0.1202 3.149 0 0 3.401 3.269 
0.0894 0.1315 0.1201 3.13 0 0 3.382 3.25 
0.0896 0.131 0.1201 3.111 0 0 3.362 3.231 
0.0898 0.1305 0.1201 3.093 0 0 3.344 3.213 
0.09 0.13 0.1201 3.075 0 0 3.325 3.195 
0.0902 0.1295 0.12 3.057 0 0 3.306 3.177 
0.0904 0.129 0.12 3.039 0 0 3.288 3.159 
0.0906 0.1285 0.12 3.021 0 0 3.269 3.141 
0.0908 0.128 0.1199 3.003 0 0 3.251 3.123 
0.091 0.1276 0.1199 2.985 0 0 3.233 3.105 
0.0912 0.1271 0.1199 2.968 0 0 3.215 3.088 
0.0914 0.1266 0.1199 2.951 0 0 3.197 3.071 
0.0916 0.1261 0.1198 2.934 0 0 3.18 3.053 
0.0918 0.1257 0.1198 2.917 0 0 3.162 3.036 
0.092 0.1252 0.1198 2.9 0 0 3.145 3.019 
0.0922 0.1247 0.1198 2.883 0 0 3.127 3.003 
0.0924 0.1243 0.1197 2.866 0 0 3.11 2.986 
0.0926 0.1238 0.1197 2.85 0 0 3.093 2.969 
0.0928 0.1234 0.1197 2.833 0 0 3.076 2.953 
0.093 0.1229 0.1196 2.817 0 0 3.06 2.937 
0.0932 0.1225 0.1196 2.801 0 0 3.043 2.921 
0.0934 0.122 0.1196 2.785 0 0 3.027 2.905 
0.0936 0.1216 0.1196 2.769 0 0 3.01 2.889 
0.0938 0.1211 0.1195 2.753 0 0 2.994 2.873 
0.094 0.1207 0.1195 2.738 0 0 2.978 2.857 
0.0942 0.1202 0.1195 2.722 0 0 2.962 2.842 
0.0944 0.1198 0.1194 2.707 0 0 2.946 2.826 
0.0946 0.1194 0.1194 2.692 0 0 2.93 2.811 
0.0948 0.1189 0.1194 2.676 0 0 2.915 2.796 
0.095 0.1185 0.1194 2.661 0 0 2.899 2.781 
0.0952 0.1181 0.1193 2.647 0 0 2.884 2.766 
0.0954 0.1176 0.1193 2.632 0 0 2.869 2.751 
0.0956 0.1172 0.1193 2.617 0 0 2.853 2.736 
0.0958 0.1168 0.1192 2.602 0 0 2.838 2.722 
0.096 0.1164 0.1192 2.588 0 0 2.824 2.707 
0.0962 0.116 0.1192 2.574 0 0 2.809 2.693 
0.0964 0.1155 0.1192 2.559 0 0 2.794 2.678 
0.0966 0.1151 0.1191 2.545 0 0 2.779 2.664 
0.0968 0.1147 0.1191 2.531 0 0 2.765 2.65 
0.097 0.1143 0.1191 2.517 0 0 2.75 2.636 
0.0972 0.1139 0.119 2.503 0 0 2.736 2.622 
0.0974 0.1135 0.119 2.49 0 0 2.722 2.609 
0.0976 0.1131 0.119 2.476 0 0 2.708 2.595 
0.0978 0.1127 0.119 2.462 0 0 2.694 2.581 
0.098 0.1123 0.1189 2.449 0 0 2.68 2.568 
0.0982 0.1119 0.1189 2.436 0 0 2.666 2.554 
0.0984 0.1115 0.1189 2.422 0 0 2.653 2.541 
0.0986 0.1111 0.1188 2.409 0 0 2.639 2.528 
0.0988 0.1107 0.1188 2.396 0 0 2.626 2.515 
0.099 0.1103 0.1188 2.383 0 0 2.612 2.502 
0.0992 0.11 0.1188 2.37 0 0 2.599 2.489 
0.0994 0.1096 0.1187 2.357 0 0 2.586 2.476 
0.0996 0.1092 0.1187 2.345 0 0 2.573 2.463 
0.0998 0.1088 0.1187 2.332 0 0 2.56 2.451 
0.1 0.1084 0.1186 2.32 0 0 2.547 2.438 
0.1002 0.1081 0.1186 2.307 0 0 2.534 2.426 
0.1004 0.1077 0.1186 2.295 0 0 2.521 2.414 
0.1006 0.1073 0.1185 2.283 0 0 2.509 2.401 
0.1008 0.1069 0.1185 2.271 0 0 2.496 2.389 
0.101 0.1066 0.1185 2.259 0 0 2.484 2.377 
0.1012 0.1062 0.1185 2.247 0 0 2.471 2.365 
0.1014 0.1058 0.1184 2.235 0 0 2.459 2.353 
0.1016 0.1055 0.1184 2.223 0 0 2.447 2.341 
0.1018 0.1051 0.1184 2.211 0 0 2.435 2.33 
0.102 0.1048 0.1183 2.2 0 0 2.423 2.318 
0.1022 0.1044 0.1183 2.188 0 0 2.411 2.306 
0.1024 0.1041 0.1183 2.177 0 0 2.399 2.295 
0.1026 0.1037 0.1182 2.165 0 0 2.387 2.283 
0.1028 0.1033 0.1182 2.154 0 0 2.375 2.272 
0.103 0.103 0.1182 2.143 0 0 2.364 2.261 
0.1032 0.1027 0.1182 2.131 0 0 2.352 2.25 
0.1034 0.1023 0.1181 2.12 0 0 2.341 2.239 
0.1036 0.102 0.1181 2.109 0 0 2.329 2.227 
0.1038 0.1016 0.1181 2.098 0 0 2.318 2.217 
0.104 0.1013 0.118 2.088 0 0 2.307 2.206 
0.1042 0.1009 0.118 2.077 0 0 2.296 2.195 
0.1044 0.1006 0.118 2.066 0 0 2.285 2.184 
0.1046 0.1003 0.1179 2.056 0 0 2.274 2.174 
0.1048 0.09993 0.1179 2.045 0 0 2.263 2.163 
0.105 0.0996 0.1179 2.035 0 0 2.252 2.152 
0.1052 0.09927 0.1178 2.024 0 0 2.241 2.142 
0.1054 0.09894 0.1178 2.014 0 0 2.231 2.132 
0.1056 0.09861 0.1178 2.004 0 0 2.22 2.121 
0.1058 0.09829 0.1178 1.993 0 0 2.209 2.111 
0.106 0.09796 0.1177 1.983 0 0 2.199 2.101 
0.1062 0.09764 0.1177 1.973 0 0 2.189 2.091 
0.1064 0.09732 0.1177 1.963 0 0 2.178 2.081 
0.1066 0.097 0.1176 1.953 0 0 2.168 2.071 
0.1068 0.09668 0.1176 1.943 0 0 2.158 2.061 
0.107 0.09636 0.1176 1.934 0 0 2.148 2.051 
0.1072 0.09605 0.1175 1.924 0 0 2.138 2.042 
0.1074 0.09574 0.1175 1.914 0 0 2.128 2.032 
0.1076 0.09542 0.1175 1.905 0 0 2.118 2.022 
0.1078 0.09511 0.1174 1.895 0 0 2.108 2.013 
0.108 0.09481 0.1174 1.886 0 0 2.098 2.003 
0.1082 0.0945 0.1174 1.876 0 0 2.088 1.994 
0.1084 0.09419 0.1173 1.867 0 0 2.079 1.984 
0.1086 0.09389 0.1173 1.858 0 0 2.069 1.975 
0.1088 0.09359 0.1173 1.849 0 0 2.06 1.966 
0.109 0.09329 0.1173 1.839 0 0 2.05 1.957 
0.1092 0.09299 0.1172 1.83 0 0 2.041 1.948 
0.1094 0.09269 0.1172 1.821 0 0 2.031 1.939 
0.1096 0.09239 0.1172 1.812 0 0 2.022 1.93 
0.1098 0.09209 0.1171 1.804 0 0 2.013 1.921 
0.11 0.0918 0.1171 1.795 0 0 2.004 1.912 
0.1102 0.09151 0.1171 1.786 0 0 1.994 1.903 
0.1104 0.09122 0.117 1.777 0 0 1.985 1.894 
0.1106 0.09093 0.117 1.769 0 0 1.976 1.886 
0.1108 0.09064 0.117 1.76 0 0 1.968 1.877 
0.111 0.09035 0.1169 1.751 0 0 1.959 1.868 
0.1112 0.09007 0.1169 1.743 0 0 1.95 1.86 
0.1114 0.08978 0.1169 1.734 0 0 1.941 1.851 
0.1116 0.0895 0.1168 1.726 0 0 1.932 1.843 
0.1118 0.08922 0.1168 1.718 0 0 1.924 1.835 
0.112 0.08894 0.1168 1.709 0 0 1.915 1.826 
0.1122 0.08866 0.1168 1.701 0 0 1.907 1.818 
0.1124 0.08838 0.1167 1.693 0 0 1.898 1.81 
0.1126 0.0881 0.1167 1.685 0 0 1.89 1.802 
0.1128 0.08783 0.1167 1.677 0 0 1.881 1.794 
0.113 0.08755 0.1166 1.669 0 0 1.873 1.785 
0.1132 0.08728 0.1166 1.661 0 0 1.865 1.777 
0.1134 0.08701 0.1166 1.653 0 0 1.857 1.77 
0.1136 0.08674 0.1165 1.645 0 0 1.848 1.762 
0.1138 0.08647 0.1165 1.637 0 0 1.84 1.754 
0.114 0.0862 0.1165 1.63 0 0 1.832 1.746 
0.1142 0.08594 0.1164 1.622 0 0 1.824 1.738 
0.1144 0.08567 0.1164 1.614 0 0 1.816 1.731 
0.1146 0.08541 0.1164 1.607 0 0 1.808 1.723 
0.1148 0.08515 0.1163 1.599 0 0 1.8 1.715 
0.115 0.08489 0.1163 1.591 0 0 1.793 1.708 
0.1152 0.08463 0.1163 1.584 0 0 1.785 1.7 
0.1154 0.08437 0.1162 1.577 0 0 1.777 1.693 
0.1156 0.08411 0.1162 1.569 0 0 1.77 1.685 
0.1158 0.08385 0.1162 1.562 0 0 1.762 1.678 
0.116 0.0836 0.1161 1.555 0 0 1.754 1.671 
0.1162 0.08334 0.1161 1.547 0 0 1.747 1.663 
0.1164 0.08309 0.1161 1.54 0 0 1.739 1.656 
0.1166 0.08284 0.1161 1.533 0 0 1.732 1.649 
0.1168 0.08259 0.116 1.526 0 0 1.725 1.642 
0.117 0.08234 0.116 1.519 0 0 1.717 1.635 
0.1172 0.08209 0.116 1.512 0 0 1.71 1.628 
0.1174 0.08184 0.1159 1.505 0 0 1.703 1.621 
0.1176 0.0816 0.1159 1.498 0 0 1.695 1.614 
0.1178 0.08135 0.1159 1.491 0 0 1.688 1.607 
0.118 0.08111 0.1158 1.484 0 0 1.681 1.6 
0.1182 0.08086 0.1158 1.477 0 0 1.674 1.593 
0.1184 0.08062 0.1158 1.471 0 0 1.667 1.586 
0.1186 0.08038 0.1157 1.464 0 0 1.66 1.58 
0.1188 0.08014 0.1157 1.457 0 0 1.653 1.573 
0.119 0.0799 0.1157 1.451 0 0 1.646 1.566 
0.1192 0.07967 0.1156 1.444 0 0 1.639 1.56 
0.1194 0.07943 0.1156 1.438 0 0 1.633 1.553 
0.1196 0.07919 0.1156 1.431 0 0 1.626 1.547 
0.1198 0.07896 0.1155 1.425 0 0 1.619 1.54 
0.12 0.07873 0.1155 1.418 0 0 1.612 1.534 
0.1202 0.07849 0.1155 1.412 0 0 1.606 1.527 
0.1204 0.07826 0.1154 1.405 0 0 1.599 1.521 
0.1206 0.07803 0.1154 1.399 0 0 1.593 1.514 
0.1208 0.0778 0.1154 1.393 0 0 1.586 1.508 
0.121 0.07758 0.1153 1.387 0 0 1.579 1.502 
0.1212 0.07735 0.1153 1.38 0 0 1.573 1.496 
0.1214 0.07712 0.1153 1.374 0 0 1.567 1.489 
0.1216 0.0769 0.1152 1.368 0 0 1.56 1.483 
0.1218 0.07667 0.1152 1.362 0 0 1.554 1.477 
0.122 0.07645 0.1152 1.356 0 0 1.548 1.471 
0.1222 0.07623 0.1152 1.35 0 0 1.541 1.465 
0.1224 0.07601 0.1151 1.344 0 0 1.535 1.459 
0.1226 0.07579 0.1151 1.338 0 0 1.529 1.453 
0.1228 0.07557 0.1151 1.332 0 0 1.523 1.447 
0.123 0.07535 0.115 1.326 0 0 1.517 1.441 
0.1232 0.07513 0.115 1.32 0 0 1.511 1.435 
0.1234 0.07492 0.115 1.315 0 0 1.504 1.43 
0.1236 0.0747 0.1149 1.309 0 0 1.498 1.424 
0.1238 0.07449 0.1149 1.303 0 0 1.492 1.418 
0.124 0.07427 0.1149 1.297 0 0 1.487 1.412 
0.1242 0.07406 0.1148 1.292 0 0 1.481 1.407 
0.1244 0.07385 0.1148 1.286 0 0 1.475 1.401 
0.1246 0.07364 0.1148 1.28 0 0 1.469 1.395 
0.1248 0.07343 0.1147 1.275 0 0 1.463 1.39 
0.125 0.07322 0.1147 1.269 0 0 1.457 1.384 
0.1252 0.07301 0.1147 1.264 0 0 1.452 1.379 
0.1254 0.07281 0.1146 1.258 0 0 1.446 1.373 
0.1256 0.0726 0.1146 1.253 0 0 1.44 1.368 
0.1258 0.07239 0.1146 1.248 0 0 1.435 1.362 
0.126 0.07219 0.1145 1.242 0 0 1.429 1.357 
0.1262 0.07199 0.1145 1.237 0 0 1.423 1.351 
0.1264 0.07178 0.1145 1.232 0 0 1.418 1.346 
0.1266 0.07158 0.1144 1.226 0 0 1.412 1.341 
0.1268 0.07138 0.1144 1.221 0 0 1.407 1.335 
0.127 0.07118 0.1144 1.216 0 0 1.401 1.33 
0.1272 0.07098 0.1143 1.211 0 0 1.396 1.325 
0.1274 0.07078 0.1143 1.205 0 0 1.391 1.32 
0.1276 0.07059 0.1143 1.2 0 0 1.385 1.315 
0.1278 0.07039 0.1142 1.195 0 0 1.38 1.309 
0.128 0.07019 0.1142 1.19 0 0 1.375 1.304 
0.1282 0.07 0.1142 1.185 0 0 1.369 1.299 
0.1284 0.0698 0.1141 1.18 0 0 1.364 1.294 
0.1286 0.06961 0.1141 1.175 0 0 1.359 1.289 
0.1288 0.06942 0.1141 1.17 0 0 1.354 1.284 
0.129 0.06923 0.1141 1.165 0 0 1.348 1.279 
0.1292 0.06904 0.114 1.16 0 0 1.343 1.274 
0.1294 0.06885 0.114 1.155 0 0 1.338 1.269 
0.1296 0.06866 0.114 1.151 0 0 1.333 1.265 
0.1298 0.06847 0.1139 1.146 0 0 1.328 1.26 
0.13 0.06828 0.1139 1.141 0 0 1.323 1.255 
0.1302 0.06809 0.1139 1.136 0 0 1.318 1.25 
0.1304 0.06791 0.1138 1.131 0 0 1.313 1.245 
0.1306 0.06772 0.1138 1.127 0 0 1.308 1.241 
0.1308 0.06754 0.1138 1.122 0 0 1.303 1.236 
0.131 0.06735 0.1137 1.117 0 0 1.299 1.231 
0.1312 0.06717 0.1137 1.113 0 0 1.294 1.226 
0.1314 0.06699 0.1137 1.108 0 0 1.289 1.222 
0.1316 0.06681 0.1136 1.104 0 0 1.284 1.217 
0.1318 0.06662 0.1136 1.099 0 0 1.279 1.213 
0.132 0.06644 0.1136 1.095 0 0 1.275 1.208 
0.1322 0.06627 0.1135 1.09 0 0 1.27 1.204 
0.1324 0.06609 0.1135 1.086 0 0 1.265 1.199 
0.1326 0.06591 0.1135 1.081 0 0 1.26 1.195 
0.1328 0.06573 0.1134 1.077 0 0 1.256 1.19 
0.133 0.06555 0.1134 1.072 0 0 1.251 1.186 
0.1332 0.06538 0.1134 1.068 0 0 1.247 1.181 
0.1334 0.0652 0.1133 1.064 0 0 1.242 1.177 
0.1336 0.06503 0.1133 1.059 0 0 1.238 1.173 
0.1338 0.06486 0.1133 1.055 0 0 1.233 1.168 
0.134 0.06468 0.1132 1.051 0 0 1.229 1.164 
0.1342 0.06451 0.1132 1.046 0 0 1.224 1.16 
0.1344 0.06434 0.1132 1.042 0 0 1.22 1.155 
0.1346 0.06417 0.1131 1.038 0 0 1.215 1.151 
0.1348 0.064 0.1131 1.034 0 0 1.211 1.147 
0.135 0.06383 0.1131 1.03 0 0 1.206 1.143 
0.1352 0.06366 0.113 1.025 0 0 1.202 1.138 
0.1354 0.06349 0.113 1.021 0 0 1.198 1.134 
0.1356 0.06333 0.113 1.017 0 0 1.194 1.13 
0.1358 0.06316 0.1129 1.013 0 0 1.189 1.126 
0.136 0.06299 0.1129 1.009 0 0 1.185 1.122 
0.1362 0.06283 0.1129 1.005 0 0 1.181 1.118 
0.1364 0.06266 0.1129 1.001 0 0 1.177 1.114 
0.1366 0.0625 0.1128 0.997 0 0 1.172 1.11 
0.1368 0.06234 0.1128 0.9931 0 0 1.168 1.106 
0.137 0.06217 0.1128 0.9891 0 0 1.164 1.102 
0.1372 0.06201 0.1127 0.9852 0 0 1.16 1.098 
0.1374 0.06185 0.1127 0.9813 0 0 1.156 1.094 
0.1376 0.06169 0.1127 0.9774 0 0 1.152 1.09 
0.1378 0.06153 0.1126 0.9735 0 0 1.148 1.086 
0.138 0.06137 0.1126 0.9697 0 0 1.144 1.082 
0.1382 0.06121 0.1126 0.9659 0 0 1.14 1.078 
0.1384 0.06105 0.1125 0.9621 0 0 1.136 1.075 
0.1386 0.06089 0.1125 0.9583 0 0 1.132 1.071 
0.1388 0.06074 0.1125 0.9545 0 0 1.128 1.067 
0.139 0.06058 0.1124 0.9508 0 0 1.124 1.063 
0.1392 0.06043 0.1124 0.9471 0 0 1.12 1.059 
0.1394 0.06027 0.1124 0.9434 0 0 1.116 1.056 
0.1396 0.06012 0.1123 0.9397 0 0 1.112 1.052 
0.1398 0.05996 0.1123 0.936 0 0 1.108 1.048 
0.14 0.05981 0.1123 0.9324 0 0 1.104 1.045 
0.1402 0.05966 0.1122 0.9288 0 0 1.101 1.041 
0.1404 0.0595 0.1122 0.9252 0 0 1.097 1.037 
0.1406 0.05935 0.1122 0.9216 0 0 1.093 1.034 
0.1408 0.0592 0.1121 0.918 0 0 1.089 1.03 
0.141 0.05905 0.1121 0.9145 0 0 1.086 1.027 
0.1412 0.0589 0.1121 0.9109 0 0 1.082 1.023 
0.1414 0.05875 0.112 0.9074 0 0 1.078 1.019 
0.1416 0.0586 0.112 0.9039 0 0 1.075 1.016 
0.1418 0.05846 0.112 0.9005 0 0 1.071 1.012 
0.142 0.05831 0.1119 0.897 0 0 1.067 1.009 
0.1422 0.05816 0.1119 0.8936 0 0 1.064 1.005 
0.1424 0.05801 0.1119 0.8902 0 0 1.06 1.002 
0.1426 0.05787 0.1119 0.8868 0 0 1.056 0.9986 
0.1428 0.05772 0.1118 0.8834 0 0 1.053 0.9952 
0.143 0.05758 0.1118 0.88 0 0 1.049 0.9918 
0.1432 0.05744 0.1118 0.8767 0 0 1.046 0.9884 
0.1434 0.05729 0.1117 0.8733 0 0 1.042 0.985 
0.1436 0.05715 0.1117 0.87 0 0 1.039 0.9817 
0.1438 0.05701 0.1117 0.8667 0 0 1.035 0.9784 
0.144 0.05686 0.1116 0.8634 0 0 1.032 0.9751 
0.1442 0.05672 0.1116 0.8602 0 0 1.028 0.9718 
0.1444 0.05658 0.1116 0.8569 0 0 1.025 0.9685 
0.1446 0.05644 0.1115 0.8537 0 0 1.022 0.9652 
0.1448 0.0563 0.1115 0.8505 0 0 1.018 0.962 
0.145 0.05616 0.1115 0.8473 0 0 1.015 0.9587 
0.1452 0.05602 0.1114 0.8441 0 0 1.012 0.9555 
0.1454 0.05589 0.1114 0.8409 0 0 1.008 0.9523 
0.1456 0.05575 0.1114 0.8378 0 0 1.005 0.9491 
0.1458 0.05561 0.1113 0.8346 0 0 1.002 0.946 
0.146 0.05548 0.1113 0.8315 0 0 0.9983 0.9428 
0.1462 0.05534 0.1113 0.8284 0 0 0.995 0.9397 
0.1464 0.0552 0.1112 0.8253 0 0 0.9918 0.9366 
0.1466 0.05507 0.1112 0.8223 0 0 0.9885 0.9335 
0.1468 0.05493 0.1112 0.8192 0 0 0.9853 0.9304 
0.147 0.0548 0.1111 0.8162 0 0 0.9821 0.9273 
0.1472 0.05467 0.1111 0.8132 0 0 0.9789 0.9243 
0.1474 0.05453 0.1111 0.8101 0 0 0.9758 0.9212 
0.1476 0.0544 0.111 0.8071 0 0 0.9726 0.9182 
0.1478 0.05427 0.111 0.8042 0 0 0.9695 0.9152 
0.148 0.05414 0.111 0.8012 0 0 0.9663 0.9122 
0.1482 0.05401 0.111 0.7983 0 0 0.9632 0.9092 
0.1484 0.05388 0.1109 0.7953 0 0 0.9601 0.9062 
0.1486 0.05375 0.1109 0.7924 0 0 0.957 0.9033 
0.1488 0.05362 0.1109 0.7895 0 0 0.954 0.9004 
0.149 0.05349 0.1108 0.7866 0 0 0.9509 0.8974 
0.1492 0.05336 0.1108 0.7837 0 0 0.9479 0.8945 
0.1494 0.05323 0.1108 0.7809 0 0 0.9449 0.8916 
0.1496 0.0531 0.1107 0.778 0 0 0.9419 0.8888 
0.1498 0.05298 0.1107 0.7752 0 0 0.9389 0.8859 
0.15 0.05285 0.1107 0.7724 0 0 0.9359 0.883 
0.1502 0.05272 0.1106 0.7696 0 0 0.9329 0.8802 
0.1504 0.0526 0.1106 0.7668 0 0 0.93 0.8774 
0.1506 0.05247 0.1106 0.764 0 0 0.927 0.8746 
0.1508 0.05235 0.1105 0.7612 0 0 0.9241 0.8718 
0.151 0.05222 0.1105 0.7585 0 0 0.9212 0.869 
0.1512 0.0521 0.1105 0.7557 0 0 0.9183 0.8662 
0.1514 0.05198 0.1104 0.753 0 0 0.9154 0.8635 
0.1516 0.05185 0.1104 0.7503 0 0 0.9126 0.8607 
0.1518 0.05173 0.1104 0.7476 0 0 0.9097 0.858 
0.152 0.05161 0.1103 0.7449 0 0 0.9069 0.8553 
0.1522 0.05149 0.1103 0.7423 0 0 0.9041 0.8526 
0.1524 0.05137 0.1103 0.7396 0 0 0.9012 0.8499 
0.1526 0.05124 0.1103 0.737 0 0 0.8985 0.8472 
0.1528 0.05112 0.1102 0.7343 0 0 0.8957 0.8445 
0.153 0.051 0.1102 0.7317 0 0 0.8929 0.8419 
0.1532 0.05088 0.1102 0.7291 0 0 0.8901 0.8393 
0.1534 0.05077 0.1101 0.7265 0 0 0.8874 0.8366 
0.1536 0.05065 0.1101 0.7239 0 0 0.8847 0.834 
0.1538 0.05053 0.1101 0.7214 0 0 0.8819 0.8314 
0.154 0.05041 0.11 0.7188 0 0 0.8792 0.8288 
0.1542 0.05029 0.11 0.7163 0 0 0.8765 0.8263 
0.1544 0.05018 0.11 0.7137 0 0 0.8739 0.8237 
0.1546 0.05006 0.1099 0.7112 0 0 0.8712 0.8211 
0.1548 0.04994 0.1099 0.7087 0 0 0.8685 0.8186 
0.155 0.04983 0.1099 0.7062 0 0 0.8659 0.8161 
0.1552 0.04971 0.1098 0.7037 0 0 0.8633 0.8136 
0.1554 0.0496 0.1098 0.7012 0 0 0.8606 0.8111 
0.1556 0.04948 0.1098 0.6988 0 0 0.858 0.8086 
0.1558 0.04937 0.1097 0.6963 0 0 0.8554 0.8061 
0.156 0.04926 0.1097 0.6939 0 0 0.8529 0.8036 
0.1562 0.04914 0.1097 0.6915 0 0 0.8503 0.8012 
0.1564 0.04903 0.1097 0.6891 0 0 0.8477 0.7987 
0.1566 0.04892 0.1096 0.6867 0 0 0.8452 0.7963 
0.1568 0.04881 0.1096 0.6843 0 0 0.8427 0.7939 
0.157 0.04869 0.1096 0.6819 0 0 0.8401 0.7914 
0.1572 0.04858 0.1095 0.6795 0 0 0.8376 0.789 
0.1574 0.04847 0.1095 0.6772 0 0 0.8351 0.7867 
0.1576 0.04836 0.1095 0.6748 0 0 0.8326 0.7843 
0.1578 0.04825 0.1094 0.6725 0 0 0.8302 0.7819 
0.158 0.04814 0.1094 0.6702 0 0 0.8277 0.7796 
0.1582 0.04803 0.1094 0.6678 0 0 0.8252 0.7772 
0.1584 0.04792 0.1093 0.6655 0 0 0.8228 0.7749 
0.1586 0.04781 0.1093 0.6633 0 0 0.8204 0.7726 
0.1588 0.04771 0.1093 0.661 0 0 0.818 0.7702 
0.159 0.0476 0.1092 0.6587 0 0 0.8155 0.7679 
0.1592 0.04749 0.1092 0.6564 0 0 0.8131 0.7657 
0.1594 0.04738 0.1092 0.6542 0 0 0.8108 0.7634 
0.1596 0.04728 0.1092 0.652 0 0 0.8084 0.7611 
0.1598 0.04717 0.1091 0.6497 0 0 0.806 0.7588 
0.16 0.04707 0.1091 0.6475 0 0 0.8037 0.7566 
0.1602 0.04696 0.1091 0.6453 0 0 0.8013 0.7544 
0.1604 0.04685 0.109 0.6431 0 0 0.799 0.7521 
0.1606 0.04675 0.109 0.6409 0 0 0.7967 0.7499 
0.1608 0.04665 0.109 0.6387 0 0 0.7944 0.7477 
0.161 0.04654 0.1089 0.6366 0 0 0.792 0.7455 
0.1612 0.04644 0.1089 0.6344 0 0 0.7898 0.7433 
0.1614 0.04633 0.1089 0.6323 0 0 0.7875 0.7411 
0.1616 0.04623 0.1088 0.6301 0 0 0.7852 0.739 
0.1618 0.04613 0.1088 0.628 0 0 0.7829 0.7368 
0.162 0.04603 0.1088 0.6259 0 0 0.7807 0.7347 
0.1622 0.04592 0.1087 0.6238 0 0 0.7785 0.7325 
0.1624 0.04582 0.1087 0.6217 0 0 0.7762 0.7304 
0.1626 0.04572 0.1087 0.6196 0 0 0.774 0.7283 
0.1628 0.04562 0.1087 0.6175 0 0 0.7718 0.7262 
0.163 0.04552 0.1086 0.6155 0 0 0.7696 0.7241 
0.1632 0.04542 0.1086 0.6134 0 0 0.7674 0.722 
0.1634 0.04532 0.1086 0.6113 0 0 0.7652 0.7199 
0.1636 0.04522 0.1085 0.6093 0 0 0.7631 0.7178 
0.1638 0.04512 0.1085 0.6073 0 0 0.7609 0.7158 
0.164 0.04502 0.1085 0.6053 0 0 0.7587 0.7137 
0.1642 0.04492 0.1084 0.6032 0 0 0.7566 0.7117 
0.1644 0.04482 0.1084 0.6012 0 0 0.7545 0.7096 
0.1646 0.04473 0.1084 0.5992 0 0 0.7523 0.7076 
0.1648 0.04463 0.1083 0.5973 0 0 0.7502 0.7056 
0.165 0.04453 0.1083 0.5953 0 0 0.7481 0.7036 
0.1652 0.04443 0.1083 0.5933 0 0 0.746 0.7016 
0.1654 0.04434 0.1082 0.5914 0 0 0.7439 0.6996 
0.1656 0.04424 0.1082 0.5894 0 0 0.7419 0.6976 
0.1658 0.04415 0.1082 0.5875 0 0 0.7398 0.6956 
0.166 0.04405 0.1082 0.5855 0 0 0.7377 0.6937 
0.1662 0.04395 0.1081 0.5836 0 0 0.7357 0.6917 
0.1664 0.04386 0.1081 0.5817 0 0 0.7336 0.6898 
0.1666 0.04376 0.1081 0.5798 0 0 0.7316 0.6878 
0.1668 0.04367 0.108 0.5779 0 0 0.7296 0.6859 
0.167 0.04358 0.108 0.576 0 0 0.7276 0.684 
0.1672 0.04348 0.108 0.5741 0 0 0.7256 0.6821 
0.1674 0.04339 0.1079 0.5722 0 0 0.7236 0.6802 
0.1676 0.0433 0.1079 0.5704 0 0 0.7216 0.6783 
0.1678 0.0432 0.1079 0.5685 0 0 0.7196 0.6764 
0.168 0.04311 0.1078 0.5667 0 0 0.7176 0.6745 
0.1682 0.04302 0.1078 0.5648 0 0 0.7157 0.6726 
0.1684 0.04293 0.1078 0.563 0 0 0.7137 0.6708 
0.1686 0.04283 0.1078 0.5612 0 0 0.7118 0.6689 
0.1688 0.04274 0.1077 0.5594 0 0 0.7098 0.6671 
0.169 0.04265 0.1077 0.5576 0 0 0.7079 0.6652 
0.1692 0.04256 0.1077 0.5558 0 0 0.706 0.6634 
0.1694 0.04247 0.1076 0.554 0 0 0.7041 0.6616 
0.1696 0.04238 0.1076 0.5522 0 0 0.7022 0.6598 
0.1698 0.04229 0.1076 0.5504 0 0 0.7003 0.658 
0.17 0.0422 0.1075 0.5486 0 0 0.6984 0.6562 
0.1702 0.04211 0.1075 0.5469 0 0 0.6965 0.6544 
0.1704 0.04202 0.1075 0.5451 0 0 0.6946 0.6526 
0.1706 0.04193 0.1075 0.5434 0 0 0.6928 0.6508 
0.1708 0.04185 0.1074 0.5416 0 0 0.6909 0.6491 
0.171 0.04176 0.1074 0.5399 0 0 0.6891 0.6473 
0.1712 0.04167 0.1074 0.5382 0 0 0.6872 0.6455 
0.1714 0.04158 0.1073 0.5365 0 0 0.6854 0.6438 
0.1716 0.04149 0.1073 0.5348 0 0 0.6836 0.6421 
0.1718 0.04141 0.1073 0.5331 0 0 0.6817 0.6403 
0.172 0.04132 0.1072 0.5314 0 0 0.6799 0.6386 
0.1722 0.04123 0.1072 0.5297 0 0 0.6781 0.6369 
0.1724 0.04115 0.1072 0.528 0 0 0.6763 0.6352 
0.1726 0.04106 0.1071 0.5263 0 0 0.6746 0.6335 
0.1728 0.04098 0.1071 0.5247 0 0 0.6728 0.6318 
0.173 0.04089 0.1071 0.523 0 0 0.671 0.6301 
0.1732 0.04081 0.1071 0.5214 0 0 0.6692 0.6284 
0.1734 0.04072 0.107 0.5197 0 0 0.6675 0.6268 
0.1736 0.04064 0.107 0.5181 0 0 0.6657 0.6251 
0.1738 0.04055 0.107 0.5165 0 0 0.664 0.6234 
0.174 0.04047 0.1069 0.5149 0 0 0.6623 0.6218 
0.1742 0.04038 0.1069 0.5132 0 0 0.6605 0.6201 
0.1744 0.0403 0.1069 0.5116 0 0 0.6588 0.6185 
0.1746 0.04022 0.1068 0.51 0 0 0.6571 0.6169 
0.1748 0.04013 0.1068 0.5084 0 0 0.6554 0.6153 
0.175 0.04005 0.1068 0.5069 0 0 0.6537 0.6136 
0.1752 0.03997 0.1068 0.5053 0 0 0.652 0.612 
0.1754 0.03989 0.1067 0.5037 0 0 0.6503 0.6104 
0.1756 0.03981 0.1067 0.5021 0 0 0.6486 0.6088 
0.1758 0.03972 0.1067 0.5006 0 0 0.647 0.6072 
0.176 0.03964 0.1066 0.499 0 0 0.6453 0.6057 
0.1762 0.03956 0.1066 0.4975 0 0 0.6436 0.6041 
0.1764 0.03948 0.1066 0.4959 0 0 0.642 0.6025 
0.1766 0.0394 0.1065 0.4944 0 0 0.6403 0.6009 
0.1768 0.03932 0.1065 0.4929 0 0 0.6387 0.5994 
0.177 0.03924 0.1065 0.4914 0 0 0.6371 0.5978 
0.1772 0.03916 0.1065 0.4898 0 0 0.6355 0.5963 
0.1774 0.03908 0.1064 0.4883 0 0 0.6338 0.5948 
0.1776 0.039 0.1064 0.4868 0 0 0.6322 0.5932 
0.1778 0.03892 0.1064 0.4853 0 0 0.6306 0.5917 
0.178 0.03884 0.1063 0.4839 0 0 0.629 0.5902 
0.1782 0.03876 0.1063 0.4824 0 0 0.6274 0.5887 
0.1784 0.03868 0.1063 0.4809 0 0 0.6259 0.5872 
0.1786 0.03861 0.1062 0.4794 0 0 0.6243 0.5857 
0.1788 0.03853 0.1062 0.478 0 0 0.6227 0.5842 
0.179 0.03845 0.1062 0.4765 0 0 0.6211 0.5827 
0.1792 0.03837 0.1062 0.475 0 0 0.6196 0.5812 
0.1794 0.0383 0.1061 0.4736 0 0 0.618 0.5797 
0.1796 0.03822 0.1061 0.4722 0 0 0.6165 0.5783 
0.1798 0.03814 0.1061 0.4707 0 0 0.6149 0.5768 
0.18 0.03807 0.106 0.4693 0 0 0.6134 0.5753 
0.1802 0.03799 0.106 0.4679 0 0 0.6119 0.5739 
0.1804 0.03791 0.106 0.4665 0 0 0.6104 0.5724 
0.1806 0.03784 0.1059 0.4651 0 0 0.6088 0.571 
0.1808 0.03776 0.1059 0.4637 0 0 0.6073 0.5696 
0.181 0.03769 0.1059 0.4623 0 0 0.6058 0.5681 
0.1812 0.03761 0.1059 0.4609 0 0 0.6043 0.5667 
0.1814 0.03754 0.1058 0.4595 0 0 0.6028 0.5653 
0.1816 0.03746 0.1058 0.4581 0 0 0.6014 0.5639 
0.1818 0.03739 0.1058 0.4567 0 0 0.5999 0.5625 
0.182 0.03731 0.1057 0.4554 0 0 0.5984 0.5611 
0.1822 0.03724 0.1057 0.454 0 0 0.5969 0.5597 
0.1824 0.03716 0.1057 0.4526 0 0 0.5955 0.5583 
0.1826 0.03709 0.1057 0.4513 0 0 0.594 0.5569 
0.1828 0.03702 0.1056 0.4499 0 0 0.5926 0.5556 
0.183 0.03694 0.1056 0.4486 0 0 0.5911 0.5542 
0.1832 0.03687 0.1056 0.4473 0 0 0.5897 0.5528 
0.1834 0.0368 0.1055 0.4459 0 0 0.5883 0.5515 
0.1836 0.03673 0.1055 0.4446 0 0 0.5868 0.5501 
0.1838 0.03665 0.1055 0.4433 0 0 0.5854 0.5488 
0.184 0.03658 0.1054 0.442 0 0 0.584 0.5474 
0.1842 0.03651 0.1054 0.4407 0 0 0.5826 0.5461 
0.1844 0.03644 0.1054 0.4393 0 0 0.5812 0.5447 
0.1846 0.03637 0.1054 0.4381 0 0 0.5798 0.5434 
0.1848 0.0363 0.1053 0.4368 0 0 0.5784 0.5421 
0.185 0.03623 0.1053 0.4355 0 0 0.577 0.5408 
0.1852 0.03615 0.1053 0.4342 0 0 0.5756 0.5395 
0.1854 0.03608 0.1052 0.4329 0 0 0.5742 0.5382 
0.1856 0.03601 0.1052 0.4316 0 0 0.5729 0.5368 
0.1858 0.03594 0.1052 0.4304 0 0 0.5715 0.5356 
0.186 0.03587 0.1052 0.4291 0 0 0.5701 0.5343 
0.1862 0.0358 0.1051 0.4279 0 0 0.5688 0.533 
0.1864 0.03573 0.1051 0.4266 0 0 0.5674 0.5317 
0.1866 0.03566 0.1051 0.4254 0 0 0.5661 0.5304 
0.1868 0.0356 0.105 0.4241 0 0 0.5647 0.5291 
0.187 0.03553 0.105 0.4229 0 0 0.5634 0.5279 
0.1872 0.03546 0.105 0.4216 0 0 0.5621 0.5266 
0.1874 0.03539 0.1049 0.4204 0 0 0.5608 0.5254 
0.1876 0.03532 0.1049 0.4192 0 0 0.5594 0.5241 
0.1878 0.03525 0.1049 0.418 0 0 0.5581 0.5229 
0.188 0.03519 0.1049 0.4168 0 0 0.5568 0.5216 
0.1882 0.03512 0.1048 0.4156 0 0 0.5555 0.5204 
0.1884 0.03505 0.1048 0.4144 0 0 0.5542 0.5192 
0.1886 0.03498 0.1048 0.4132 0 0 0.5529 0.5179 
0.1888 0.03492 0.1047 0.412 0 0 0.5516 0.5167 
0.189 0.03485 0.1047 0.4108 0 0 0.5503 0.5155 
0.1892 0.03478 0.1047 0.4096 0 0 0.5491 0.5143 
0.1894 0.03472 0.1047 0.4084 0 0 0.5478 0.5131 
0.1896 0.03465 0.1046 0.4072 0 0 0.5465 0.5119 
0.1898 0.03458 0.1046 0.4061 0 0 0.5452 0.5107 
0.19 0.03452 0.1046 0.4049 0 0 0.544 0.5095 
0.1902 0.03445 0.1045 0.4037 0 0 0.5427 0.5083 
0.1904 0.03439 0.1045 0.4026 0 0 0.5415 0.5071 
0.1906 0.03432 0.1045 0.4014 0 0 0.5402 0.5059 
0.1908 0.03426 0.1045 0.4003 0 0 0.539 0.5047 
0.191 0.03419 0.1044 0.3991 0 0 0.5378 0.5036 
0.1912 0.03413 0.1044 0.398 0 0 0.5365 0.5024 
0.1914 0.03406 0.1044 0.3969 0 0 0.5353 0.5012 
0.1916 0.034 0.1043 0.3957 0 0 0.5341 0.5001 
0.1918 0.03393 0.1043 0.3946 0 0 0.5329 0.4989 
0.192 0.03387 0.1043 0.3935 0 0 0.5316 0.4978 
0.1922 0.0338 0.1043 0.3924 0 0 0.5304 0.4966 
0.1924 0.03374 0.1042 0.3913 0 0 0.5292 0.4955 
0.1926 0.03368 0.1042 0.3902 0 0 0.528 0.4944 
0.1928 0.03361 0.1042 0.3891 0 0 0.5268 0.4932 
0.193 0.03355 0.1041 0.388 0 0 0.5256 0.4921 
0.1932 0.03349 0.1041 0.3869 0 0 0.5245 0.491 
0.1934 0.03342 0.1041 0.3858 0 0 0.5233 0.4899 
0.1936 0.03336 0.1041 0.3847 0 0 0.5221 0.4887 
0.1938 0.0333 0.104 0.3836 0 0 0.5209 0.4876 
0.194 0.03324 0.104 0.3825 0 0 0.5198 0.4865 
0.1942 0.03317 0.104 0.3815 0 0 0.5186 0.4854 
0.1944 0.03311 0.1039 0.3804 0 0 0.5174 0.4843 
0.1946 0.03305 0.1039 0.3793 0 0 0.5163 0.4832 
0.1948 0.03299 0.1039 0.3783 0 0 0.5151 0.4821 
0.195 0.03293 0.1039 0.3772 0 0 0.514 0.4811 
0.1952 0.03287 0.1038 0.3761 0 0 0.5128 0.48 
0.1954 0.03281 0.1038 0.3751 0 0 0.5117 0.4789 
0.1956 0.03274 0.1038 0.3741 0 0 0.5106 0.4778 
0.1958 0.03268 0.1037 0.373 0 0 0.5094 0.4768 
0.196 0.03262 0.1037 0.372 0 0 0.5083 0.4757 
0.1962 0.03256 0.1037 0.3709 0 0 0.5072 0.4746 
0.1964 0.0325 0.1037 0.3699 0 0 0.5061 0.4736 
0.1966 0.03244 0.1036 0.3689 0 0 0.505 0.4725 
0.1968 0.03238 0.1036 0.3679 0 0 0.5039 0.4715 
0.197 0.03232 0.1036 0.3669 0 0 0.5027 0.4704 
0.1972 0.03226 0.1035 0.3658 0 0 0.5016 0.4694 
0.1974 0.0322 0.1035 0.3648 0 0 0.5006 0.4683 
0.1976 0.03215 0.1035 0.3638 0 0 0.4995 0.4673 
0.1978 0.03209 0.1035 0.3628 0 0 0.4984 0.4663 
0.198 0.03203 0.1034 0.3618 0 0 0.4973 0.4653 
0.1982 0.03197 0.1034 0.3608 0 0 0.4962 0.4642 
0.1984 0.03191 0.1034 0.3598 0 0 0.4951 0.4632 
0.1986 0.03185 0.1034 0.3589 0 0 0.4941 0.4622 
0.1988 0.03179 0.1033 0.3579 0 0 0.493 0.4612 
0.199 0.03174 0.1033 0.3569 0 0 0.4919 0.4602 
0.1992 0.03168 0.1033 0.3559 0 0 0.4909 0.4592 
0.1994 0.03162 0.1032 0.3549 0 0 0.4898 0.4582 
0.1996 0.03156 0.1032 0.354 0 0 0.4887 0.4572 
0.1998 0.0315 0.1032 0.353 0 0 0.4877 0.4562 
