0.001 6.942 0.006428 4936 0 0 4943 4936 
0.0012 6.781 0.008313 3227 0 0 3234 3227 
0.0014 6.623 0.01025 2253 0 0 2260 2253 
0.0016 6.455 0.01216 1640 0 0 1646 1640 
0.0018 6.28 0.01402 1232 0 0 1238 1232 
0.002 6.106 0.01584 953.5 0 0 959.6 953.5 
0.0022 5.935 0.01763 751.9 0 0 757.8 751.9 
0.0024 5.767 0.0194 605.3 0 0 611.1 605.3 
0.0026 5.599 0.02114 1796 0 0 1801 1796 
0.0028 5.434 0.02285 2071 0 0 2076 2071 
0.003 5.275 0.02454 2006 0 0 2011 2006 
0.0032 5.12 0.02619 1703 0 0 1708 1703 
0.0034 4.971 0.02781 1460 0 0 1465 1460 
0.0036 4.828 0.0294 1262 0 0 1267 1263 
0.0038 4.689 0.03096 1100 0 0 1105 1100 
0.004 4.556 0.0325 966 0 0 970.6 966.1 
0.0042 4.429 0.03401 851 0 0 855.5 851.1 
0.0044 4.306 0.0355 754.1 0 0 758.5 754.2 
0.0046 4.187 0.03696 671.9 0 0 676.1 671.9 
0.0048 4.074 0.0384 601.5 0 0 605.7 601.6 
0.005 3.965 0.03982 541 0 0 545 541.1 
0.0052 3.861 0.04122 487.6 0 0 491.5 487.6 
0.0054 3.761 0.04259 441.1 0 0 444.9 441.2 
0.0056 3.665 0.04393 400.6 0 0 404.3 400.6 
0.0058 3.573 0.04525 365 0 0 368.6 365 
0.006 3.486 0.04654 333.6 0 0 337.2 333.7 
0.0062 3.402 0.04781 305.4 0 0 308.9 305.5 
0.0064 3.322 0.04905 280.4 0 0 283.8 280.4 
0.0066 3.245 0.05026 258.1 0 0 261.4 258.1 
0.0068 3.171 0.05145 238.1 0 0 241.4 238.2 
0.007 3.099 0.05261 220.3 0 0 223.4 220.3 
0.0072 3.03 0.05374 204.2 0 0 207.3 204.2 
0.0074 2.963 0.05485 189.6 0 0 192.7 189.7 
0.0076 2.898 0.05594 176.5 0 0 179.5 176.6 
0.0078 2.835 0.05701 164.6 0 0 167.5 164.6 
0.008 2.774 0.05805 153.7 0 0 156.6 153.8 
0.0082 2.714 0.05907 143.7 0 0 146.4 143.7 
0.0084 2.656 0.06007 134.5 0 0 137.2 134.6 
0.0086 2.6 0.06104 126.1 0 0 128.8 126.2 
0.0088 2.546 0.06199 118.4 0 0 121 118.5 
0.009 2.494 0.06291 111.3 0 0 113.9 111.4 
0.0092 2.445 0.06381 104.8 0 0 107.3 104.9 
0.0094 2.397 0.06469 98.83 0 0 101.3 98.89 
0.0096 2.352 0.06554 93.29 0 0 95.71 93.36 
0.0098 2.308 0.06636 88.17 0 0 90.54 88.23 
0.01 2.267 0.06716 83.42 0 0 85.76 83.49 
0.0102 2.228 0.06794 78.95 0 0 81.25 79.02 
0.0104 2.191 0.06869 74.8 0 0 77.06 74.87 
0.0106 2.155 0.06942 70.94 0 0 73.16 71.01 
0.0108 2.12 0.07013 67.34 0 0 69.53 67.41 
0.011 2.086 0.07083 63.99 0 0 66.15 64.06 
0.0112 2.052 0.07151 60.86 0 0 62.99 60.94 
0.0114 2.02 0.07218 57.94 0 0 60.03 58.01 
0.0116 1.988 0.07284 55.2 0 0 57.26 55.28 
0.0118 1.956 0.07349 52.64 0 0 54.67 52.71 
0.012 1.924 0.07413 50.24 0 0 52.23 50.31 
0.0122 1.893 0.07477 47.98 0 0 49.94 48.05 
0.0124 1.861 0.0754 45.86 0 0 47.79 45.93 
0.0126 1.83 0.07603 43.86 0 0 45.77 43.94 
0.0128 1.798 0.07666 41.98 0 0 43.85 42.06 
0.013 1.767 0.07729 40.21 0 0 42.05 40.28 
0.0132 1.736 0.07791 38.54 0 0 40.35 38.61 
0.0134 1.704 0.07854 36.96 0 0 38.74 37.04 
0.0136 1.672 0.07917 35.46 0 0 37.22 35.54 
0.0138 1.64 0.07981 34.05 0 0 35.77 34.13 
0.014 1.609 0.08045 32.72 0 0 34.41 32.8 
0.0142 1.577 0.08109 31.45 0 0 33.11 31.53 
0.0144 1.545 0.08174 30.25 0 0 31.88 30.33 
0.0146 1.512 0.0824 29.11 0 0 30.71 29.19 
0.0148 1.48 0.08306 28.03 0 0 29.59 28.11 
0.015 1.448 0.08373 27 0 0 28.54 27.09 
0.0152 1.416 0.08441 26.01 0 0 27.51 26.1 
0.0154 1.384 0.0851 25.07 0 0 26.54 25.16 
0.0156 1.353 0.08578 24.18 0 0 25.61 24.26 
0.0158 1.322 0.08646 23.32 0 0 24.73 23.41 
0.016 1.293 0.08714 22.51 0 0 23.89 22.6 
0.0162 1.264 0.0878 21.73 0 0 23.09 21.82 
0.0164 1.236 0.08845 20.99 0 0 22.32 21.08 
0.0166 1.21 0.08909 20.29 0 0 21.59 20.38 
0.0168 1.185 0.08971 19.61 0 0 20.89 19.7 
0.017 1.162 0.0903 18.97 0 0 20.22 19.06 
0.0172 1.14 0.09087 18.36 0 0 19.59 18.45 
0.0174 1.119 0.09141 17.77 0 0 18.98 17.86 
0.0176 1.1 0.09192 17.2 0 0 18.39 17.29 
0.0178 1.083 0.0924 16.66 0 0 17.84 16.76 
0.018 1.066 0.09285 16.15 0 0 17.31 16.24 
0.0182 1.052 0.09326 15.65 0 0 16.8 15.74 
0.0184 1.039 0.09364 15.18 0 0 16.31 15.27 
0.0186 1.027 0.09397 14.72 0 0 15.84 14.81 
0.0188 1.017 0.09426 14.28 0 0 15.39 14.38 
0.019 1.009 0.09451 13.86 0 0 14.97 13.96 
0.0192 1.002 0.09472 13.46 0 0 14.55 13.55 
0.0194 0.9963 0.09488 13.07 0 0 14.16 13.17 
0.0196 0.9924 0.095 12.7 0 0 13.79 12.79 
0.0198 0.99 0.09507 12.34 0 0 13.42 12.43 
0.02 0.9893 0.0951 78.46 0 0 79.55 78.56 
0.0202 0.9887 0.09511 78.38 0 0 79.46 78.47 
0.0204 0.9869 0.09515 78.13 0 0 79.21 78.22 
0.0206 0.9841 0.09522 77.72 0 0 78.8 77.82 
0.0208 0.9804 0.09532 77.18 0 0 78.26 77.27 
0.021 0.9757 0.09543 76.51 0 0 77.58 76.6 
0.0212 0.9702 0.09557 75.72 0 0 76.78 75.81 
0.0214 0.9639 0.09573 74.82 0 0 75.88 74.92 
0.0216 0.9569 0.09591 73.83 0 0 74.89 73.93 
0.0218 0.9493 0.0961 72.76 0 0 73.81 72.86 
0.022 0.9411 0.09631 71.62 0 0 72.65 71.71 
0.0222 0.9324 0.09654 70.41 0 0 71.44 70.5 
0.0224 0.9233 0.09678 69.15 0 0 70.17 69.25 
0.0226 0.9137 0.09703 67.84 0 0 68.86 67.94 
0.0228 0.9038 0.0973 66.51 0 0 67.51 66.6 
0.023 0.8936 0.09758 65.14 0 0 66.13 65.24 
0.0232 0.8832 0.09786 63.75 0 0 64.73 63.85 
0.0234 0.8726 0.09816 62.35 0 0 63.32 62.45 
0.0236 0.8618 0.09846 60.94 0 0 61.9 61.04 
0.0238 0.8508 0.09877 59.53 0 0 60.48 59.63 
0.024 0.8398 0.09909 58.13 0 0 59.07 58.23 
0.0242 0.8287 0.09941 56.73 0 0 57.66 56.83 
0.0244 0.8176 0.09974 55.34 0 0 56.26 55.44 
0.0246 0.8065 0.1001 53.97 0 0 54.87 54.07 
0.0248 0.7954 0.1004 52.61 0 0 53.51 52.71 
0.025 0.7843 0.1007 51.28 0 0 52.16 51.38 
0.0252 0.7733 0.1011 49.97 0 0 50.84 50.07 
0.0254 0.7624 0.1014 48.68 0 0 49.54 48.78 
0.0256 0.7516 0.1018 47.42 0 0 48.27 47.52 
0.0258 0.7409 0.1021 46.19 0 0 47.03 46.29 
0.026 0.7304 0.1025 44.99 0 0 45.82 45.09 
0.0262 0.7199 0.1028 43.82 0 0 44.64 43.92 
0.0264 0.7097 0.1032 42.68 0 0 43.49 42.78 
0.0266 0.6996 0.1035 41.57 0 0 42.37 41.67 
0.0268 0.6897 0.1038 40.49 0 0 41.29 40.6 
0.027 0.6799 0.1042 39.45 0 0 40.23 39.55 
0.0272 0.6704 0.1045 38.43 0 0 39.21 38.54 
0.0274 0.661 0.1049 37.45 0 0 38.22 37.56 
0.0276 0.6519 0.1052 36.5 0 0 37.26 36.61 
0.0278 0.6429 0.1055 35.59 0 0 36.34 35.69 
0.028 0.6342 0.1058 34.7 0 0 35.44 34.81 
0.0282 0.6257 0.1061 33.85 0 0 34.58 33.95 
0.0284 0.6173 0.1065 33.02 0 0 33.74 33.13 
0.0286 0.6092 0.1068 32.22 0 0 32.94 32.33 
0.0288 0.6013 0.1071 31.46 0 0 32.16 31.56 
0.029 0.5936 0.1074 30.72 0 0 31.42 30.83 
0.0292 0.5861 0.1076 30.01 0 0 30.7 30.12 
0.0294 0.5789 0.1079 29.32 0 0 30.01 29.43 
0.0296 0.5718 0.1082 28.67 0 0 29.35 28.78 
0.0298 0.565 0.1085 28.04 0 0 28.71 28.14 
0.03 0.5583 0.1087 27.43 0 0 28.1 27.54 
0.0302 0.5519 0.109 26.85 0 0 27.51 26.96 
0.0304 0.5457 0.1092 26.29 0 0 26.95 26.4 
0.0306 0.5396 0.1094 25.75 0 0 26.4 25.86 
0.0308 0.5338 0.1097 25.24 0 0 25.88 25.35 
0.031 0.5281 0.1099 24.74 0 0 25.38 24.85 
0.0312 0.5225 0.1101 24.26 0 0 24.9 24.37 
0.0314 0.5172 0.1103 23.8 0 0 24.43 23.91 
0.0316 0.5119 0.1105 23.36 0 0 23.98 23.47 
0.0318 0.5068 0.1107 22.93 0 0 23.55 23.04 
0.032 0.5019 0.1109 22.51 0 0 23.13 22.62 
0.0322 0.497 0.1111 22.11 0 0 22.72 22.22 
0.0324 0.4923 0.1112 21.72 0 0 22.33 21.84 
0.0326 0.4877 0.1114 21.35 0 0 21.95 21.46 
0.0328 0.4832 0.1116 20.98 0 0 21.58 21.1 
0.033 0.4788 0.1117 20.63 0 0 21.22 20.74 
0.0332 0.4745 0.1119 20.29 0 0 20.88 20.4 
0.0334 0.4703 0.1121 19.96 0 0 20.54 20.07 
0.0336 0.4662 0.1122 19.64 0 0 20.21 19.75 
0.0338 0.4622 0.1123 19.32 0 0 19.9 19.44 
0.034 0.4583 0.1125 19.02 0 0 19.59 19.13 
0.0342 0.4544 0.1126 18.72 0 0 19.29 18.84 
0.0344 0.4506 0.1128 18.43 0 0 19 18.55 
0.0346 0.4469 0.1129 18.15 0 0 18.71 18.27 
0.0348 0.4432 0.113 17.88 0 0 18.44 17.99 
0.035 0.4396 0.1131 17.61 0 0 18.17 17.73 
0.0352 0.4361 0.1132 17.35 0 0 17.9 17.46 
0.0354 0.4326 0.1134 17.1 0 0 17.64 17.21 
0.0356 0.4292 0.1135 16.85 0 0 17.39 16.96 
0.0358 0.4258 0.1136 16.61 0 0 17.15 16.72 
0.036 0.4225 0.1137 16.37 0 0 16.9 16.48 
0.0362 0.4192 0.1138 16.14 0 0 16.67 16.25 
0.0364 0.416 0.1139 15.91 0 0 16.44 16.02 
0.0366 0.4128 0.114 15.69 0 0 16.21 15.8 
0.0368 0.4096 0.1141 15.47 0 0 15.99 15.58 
0.037 0.4065 0.1142 15.25 0 0 15.77 15.37 
0.0372 0.4035 0.1143 15.04 0 0 15.56 15.16 
0.0374 0.4004 0.1144 14.84 0 0 15.35 14.95 
0.0376 0.3974 0.1145 14.64 0 0 15.15 14.75 
0.0378 0.3945 0.1146 14.44 0 0 14.95 14.55 
0.038 0.3916 0.1147 14.24 0 0 14.75 14.36 
0.0382 0.3886 0.1148 14.05 0 0 14.55 14.17 
0.0384 0.3858 0.1149 13.86 0 0 14.36 13.98 
0.0386 0.3829 0.115 13.68 0 0 14.18 13.79 
0.0388 0.3801 0.115 13.5 0 0 13.99 13.61 
0.039 0.3773 0.1151 13.32 0 0 13.81 13.43 
0.0392 0.3745 0.1152 13.14 0 0 13.63 13.26 
0.0394 0.3718 0.1153 12.97 0 0 13.45 13.08 
0.0396 0.369 0.1154 12.79 0 0 13.28 12.91 
0.0398 0.3663 0.1155 12.63 0 0 13.11 12.74 
0.04 0.3636 0.1156 12.46 0 0 12.94 12.58 
0.0402 0.361 0.1156 12.3 0 0 12.77 12.41 
0.0404 0.3583 0.1157 12.13 0 0 12.61 12.25 
0.0406 0.3557 0.1158 11.97 0 0 12.45 12.09 
0.0408 0.353 0.1159 11.82 0 0 12.29 11.93 
0.041 0.3504 0.116 11.66 0 0 12.13 11.78 
0.0412 0.3479 0.1161 11.51 0 0 11.97 11.63 
0.0414 0.3453 0.1161 11.36 0 0 11.82 11.48 
0.0416 0.3428 0.1162 11.21 0 0 11.67 11.33 
0.0418 0.3402 0.1163 11.07 0 0 11.52 11.18 
0.042 0.3377 0.1164 10.92 0 0 11.38 11.04 
0.0422 0.3353 0.1165 10.78 0 0 11.23 10.9 
0.0424 0.3328 0.1165 10.64 0 0 11.09 10.76 
0.0426 0.3304 0.1166 10.5 0 0 10.95 10.62 
0.0428 0.3279 0.1167 10.37 0 0 10.81 10.48 
0.043 0.3255 0.1168 10.23 0 0 10.68 10.35 
0.0432 0.3232 0.1169 10.1 0 0 10.54 10.22 
0.0434 0.3208 0.1169 9.973 0 0 10.41 10.09 
0.0436 0.3185 0.117 9.846 0 0 10.28 9.963 
0.0438 0.3162 0.1171 9.72 0 0 10.15 9.838 
0.044 0.3139 0.1172 9.597 0 0 10.03 9.714 
0.0442 0.3116 0.1172 9.475 0 0 9.904 9.593 
0.0444 0.3093 0.1173 9.356 0 0 9.782 9.473 
0.0446 0.3071 0.1174 9.238 0 0 9.662 9.355 
0.0448 0.3049 0.1175 9.122 0 0 9.544 9.239 
0.045 0.3027 0.1175 9.007 0 0 9.428 9.125 
0.0452 0.3005 0.1176 8.895 0 0 9.313 9.012 
0.0454 0.2984 0.1177 8.784 0 0 9.2 8.902 
0.0456 0.2963 0.1177 8.675 0 0 9.089 8.793 
0.0458 0.2942 0.1178 8.568 0 0 8.98 8.686 
0.046 0.2921 0.1179 8.462 0 0 8.872 8.58 
0.0462 0.29 0.1179 8.358 0 0 8.766 8.476 
0.0464 0.2879 0.118 8.256 0 0 8.662 8.374 
0.0466 0.2859 0.1181 8.155 0 0 8.559 8.273 
0.0468 0.2839 0.1181 8.056 0 0 8.458 8.174 
0.047 0.2819 0.1182 7.958 0 0 8.358 8.076 
0.0472 0.28 0.1182 7.862 0 0 8.26 7.98 
0.0474 0.278 0.1183 7.768 0 0 8.164 7.886 
0.0476 0.2761 0.1184 7.675 0 0 8.069 7.793 
0.0478 0.2742 0.1184 7.583 0 0 7.976 7.701 
0.048 0.2723 0.1185 7.493 0 0 7.884 7.611 
0.0482 0.2704 0.1185 7.404 0 0 7.793 7.523 
0.0484 0.2686 0.1186 7.317 0 0 7.704 7.435 
0.0486 0.2667 0.1187 7.231 0 0 7.616 7.35 
0.0488 0.2649 0.1187 7.146 0 0 7.53 7.265 
0.049 0.2631 0.1188 7.063 0 0 7.445 7.182 
0.0492 0.2613 0.1188 6.981 0 0 7.361 7.1 
0.0494 0.2596 0.1189 6.9 0 0 7.279 7.019 
0.0496 0.2578 0.1189 6.821 0 0 7.198 6.94 
0.0498 0.2561 0.119 6.743 0 0 7.118 6.862 
0.05 0.2544 0.119 6.666 0 0 7.04 6.785 
0.0502 0.2527 0.1191 6.59 0 0 6.962 6.71 
0.0504 0.251 0.1191 6.516 0 0 6.886 6.635 
0.0506 0.2494 0.1191 6.443 0 0 6.811 6.562 
0.0508 0.2478 0.1192 6.371 0 0 6.737 6.49 
0.051 0.2461 0.1192 6.299 0 0 6.665 6.419 
0.0512 0.2445 0.1193 6.23 0 0 6.593 6.349 
0.0514 0.243 0.1193 6.161 0 0 6.523 6.28 
0.0516 0.2414 0.1194 6.093 0 0 6.454 6.212 
0.0518 0.2398 0.1194 6.026 0 0 6.385 6.145 
0.052 0.2383 0.1194 5.96 0 0 6.318 6.08 
0.0522 0.2368 0.1195 5.895 0 0 6.252 6.015 
0.0524 0.2353 0.1195 5.831 0 0 6.186 5.951 
0.0526 0.2338 0.1195 5.769 0 0 6.122 5.888 
0.0528 0.2323 0.1196 5.707 0 0 6.058 5.826 
0.053 0.2308 0.1196 5.645 0 0 5.996 5.765 
0.0532 0.2294 0.1197 5.585 0 0 5.934 5.705 
0.0534 0.2279 0.1197 5.526 0 0 5.874 5.646 
0.0536 0.2265 0.1197 5.467 0 0 5.814 5.587 
0.0538 0.2251 0.1197 5.41 0 0 5.755 5.53 
0.054 0.2237 0.1198 5.353 0 0 5.697 5.473 
0.0542 0.2223 0.1198 5.297 0 0 5.639 5.417 
0.0544 0.221 0.1198 5.242 0 0 5.583 5.362 
0.0546 0.2196 0.1199 5.187 0 0 5.527 5.307 
0.0548 0.2183 0.1199 5.134 0 0 5.472 5.254 
0.055 0.217 0.1199 5.081 0 0 5.418 5.201 
0.0552 0.2156 0.1199 5.029 0 0 5.364 5.149 
0.0554 0.2143 0.12 4.977 0 0 5.312 5.097 
0.0556 0.213 0.12 4.926 0 0 5.26 5.046 
0.0558 0.2118 0.12 4.876 0 0 5.208 4.996 
0.056 0.2105 0.12 4.827 0 0 5.158 4.947 
0.0562 0.2092 0.1201 4.778 0 0 5.108 4.898 
0.0564 0.208 0.1201 4.73 0 0 5.058 4.85 
0.0566 0.2068 0.1201 4.683 0 0 5.01 4.803 
0.0568 0.2055 0.1201 4.636 0 0 4.962 4.756 
0.057 0.2043 0.1202 4.59 0 0 4.915 4.71 
0.0572 0.2031 0.1202 4.545 0 0 4.868 4.665 
0.0574 0.2019 0.1202 4.5 0 0 4.822 4.62 
0.0576 0.2007 0.1202 4.455 0 0 4.776 4.575 
0.0578 0.1996 0.1202 4.412 0 0 4.731 4.532 
0.058 0.1984 0.1202 4.368 0 0 4.687 4.489 
0.0582 0.1973 0.1203 4.326 0 0 4.643 4.446 
0.0584 0.1961 0.1203 4.284 0 0 4.6 4.404 
0.0586 0.195 0.1203 4.242 0 0 4.557 4.362 
0.0588 0.1939 0.1203 4.201 0 0 4.515 4.321 
0.059 0.1928 0.1203 4.161 0 0 4.474 4.281 
0.0592 0.1917 0.1203 4.121 0 0 4.433 4.241 
0.0594 0.1906 0.1204 4.081 0 0 4.392 4.202 
0.0596 0.1895 0.1204 4.042 0 0 4.352 4.163 
0.0598 0.1884 0.1204 4.004 0 0 4.313 4.124 
0.06 0.1874 0.1204 3.966 0 0 4.274 4.086 
0.0602 0.1863 0.1204 3.928 0 0 4.235 4.049 
0.0604 0.1853 0.1204 3.891 0 0 4.197 4.012 
0.0606 0.1842 0.1204 3.855 0 0 4.159 3.975 
0.0608 0.1832 0.1204 3.818 0 0 4.122 3.939 
0.061 0.1822 0.1204 3.783 0 0 4.085 3.903 
0.0612 0.1812 0.1205 3.748 0 0 4.049 3.868 
0.0614 0.1802 0.1205 3.713 0 0 4.013 3.833 
0.0616 0.1792 0.1205 3.678 0 0 3.978 3.799 
0.0618 0.1782 0.1205 3.644 0 0 3.943 3.765 
0.062 0.1772 0.1205 3.611 0 0 3.908 3.731 
0.0622 0.1763 0.1205 3.578 0 0 3.874 3.698 
0.0624 0.1753 0.1205 3.545 0 0 3.841 3.665 
0.0626 0.1743 0.1205 3.512 0 0 3.807 3.633 
0.0628 0.1734 0.1205 3.48 0 0 3.774 3.601 
0.063 0.1725 0.1205 3.449 0 0 3.742 3.569 
0.0632 0.1715 0.1205 3.418 0 0 3.71 3.538 
0.0634 0.1706 0.1205 3.387 0 0 3.678 3.507 
0.0636 0.1697 0.1205 3.356 0 0 3.647 3.477 
0.0638 0.1688 0.1205 3.326 0 0 3.615 3.447 
0.064 0.1679 0.1206 3.296 0 0 3.585 3.417 
0.0642 0.167 0.1206 3.267 0 0 3.555 3.388 
0.0644 0.1661 0.1206 3.238 0 0 3.525 3.358 
0.0646 0.1652 0.1206 3.209 0 0 3.495 3.33 
0.0648 0.1644 0.1206 3.181 0 0 3.466 3.301 
0.065 0.1635 0.1206 3.153 0 0 3.437 3.273 
0.0652 0.1626 0.1206 3.125 0 0 3.408 3.246 
0.0654 0.1618 0.1206 3.098 0 0 3.38 3.218 
0.0656 0.1609 0.1206 3.07 0 0 3.352 3.191 
0.0658 0.1601 0.1206 3.044 0 0 3.324 3.164 
0.066 0.1593 0.1206 3.017 0 0 3.297 3.138 
0.0662 0.1585 0.1206 2.991 0 0 3.27 3.112 
0.0664 0.1576 0.1206 2.965 0 0 3.243 3.086 
0.0666 0.1568 0.1206 2.939 0 0 3.217 3.06 
0.0668 0.156 0.1206 2.914 0 0 3.191 3.035 
0.067 0.1552 0.1206 2.889 0 0 3.165 3.01 
0.0672 0.1544 0.1206 2.864 0 0 3.139 2.985 
0.0674 0.1536 0.1206 2.84 0 0 3.114 2.961 
0.0676 0.1529 0.1206 2.816 0 0 3.089 2.936 
0.0678 0.1521 0.1206 2.792 0 0 3.065 2.913 
0.068 0.1513 0.1206 2.768 0 0 3.04 2.889 
0.0682 0.1506 0.1206 2.745 0 0 3.016 2.865 
0.0684 0.1498 0.1206 2.722 0 0 2.992 2.842 
0.0686 0.1491 0.1206 2.699 0 0 2.969 2.82 
0.0688 0.1483 0.1206 2.676 0 0 2.945 2.797 
0.069 0.1476 0.1205 2.654 0 0 2.922 2.775 
0.0692 0.1468 0.1205 2.632 0 0 2.899 2.752 
0.0694 0.1461 0.1205 2.61 0 0 2.877 2.731 
0.0696 0.1454 0.1205 2.588 0 0 2.854 2.709 
0.0698 0.1447 0.1205 2.567 0 0 2.832 2.688 
0.07 0.144 0.1205 2.546 0 0 2.81 2.666 
0.0702 0.1433 0.1205 2.525 0 0 2.789 2.645 
0.0704 0.1426 0.1205 2.504 0 0 2.767 2.625 
0.0706 0.1419 0.1205 2.484 0 0 2.746 2.604 
0.0708 0.1412 0.1205 2.464 0 0 2.725 2.584 
0.071 0.1405 0.1205 2.444 0 0 2.704 2.564 
0.0712 0.1398 0.1205 2.424 0 0 2.684 2.544 
0.0714 0.1391 0.1205 2.404 0 0 2.664 2.525 
0.0716 0.1385 0.1205 2.385 0 0 2.644 2.505 
0.0718 0.1378 0.1205 2.366 0 0 2.624 2.486 
0.072 0.1371 0.1205 2.347 0 0 2.604 2.467 
0.0722 0.1365 0.1204 2.328 0 0 2.585 2.448 
0.0724 0.1358 0.1204 2.309 0 0 2.565 2.43 
0.0726 0.1352 0.1204 2.291 0 0 2.546 2.411 
0.0728 0.1345 0.1204 2.273 0 0 2.528 2.393 
0.073 0.1339 0.1204 2.255 0 0 2.509 2.375 
0.0732 0.1333 0.1204 2.237 0 0 2.49 2.357 
0.0734 0.1326 0.1204 2.219 0 0 2.472 2.34 
0.0736 0.132 0.1204 2.202 0 0 2.454 2.322 
0.0738 0.1314 0.1204 2.184 0 0 2.436 2.305 
0.074 0.1308 0.1204 2.167 0 0 2.419 2.288 
0.0742 0.1302 0.1204 2.15 0 0 2.401 2.271 
0.0744 0.1296 0.1203 2.134 0 0 2.384 2.254 
0.0746 0.129 0.1203 2.117 0 0 2.366 2.238 
0.0748 0.1284 0.1203 2.101 0 0 2.349 2.221 
0.075 0.1278 0.1203 2.085 0 0 2.333 2.205 
0.0752 0.1272 0.1203 2.069 0 0 2.316 2.189 
0.0754 0.1266 0.1203 2.053 0 0 2.3 2.173 
0.0756 0.126 0.1203 2.037 0 0 2.283 2.157 
0.0758 0.1255 0.1203 2.021 0 0 2.267 2.142 
0.076 0.1249 0.1202 2.006 0 0 2.251 2.126 
0.0762 0.1243 0.1202 1.991 0 0 2.235 2.111 
0.0764 0.1237 0.1202 1.976 0 0 2.22 2.096 
0.0766 0.1232 0.1202 1.961 0 0 2.204 2.081 
0.0768 0.1226 0.1202 1.946 0 0 2.189 2.066 
0.077 0.1221 0.1202 1.931 0 0 2.173 2.051 
0.0772 0.1215 0.1202 1.917 0 0 2.158 2.037 
0.0774 0.121 0.1202 1.902 0 0 2.143 2.022 
0.0776 0.1204 0.1201 1.888 0 0 2.129 2.008 
0.0778 0.1199 0.1201 1.874 0 0 2.114 1.994 
0.078 0.1194 0.1201 1.86 0 0 2.1 1.98 
0.0782 0.1188 0.1201 1.846 0 0 2.085 1.966 
0.0784 0.1183 0.1201 1.833 0 0 2.071 1.953 
0.0786 0.1178 0.1201 1.819 0 0 2.057 1.939 
0.0788 0.1173 0.12 1.806 0 0 2.043 1.926 
0.079 0.1168 0.12 1.792 0 0 2.029 1.912 
0.0792 0.1163 0.12 1.779 0 0 2.016 1.899 
0.0794 0.1157 0.12 1.766 0 0 2.002 1.886 
0.0796 0.1152 0.12 1.753 0 0 1.989 1.873 
0.0798 0.1147 0.12 1.741 0 0 1.975 1.861 
0.08 0.1142 0.12 1.728 0 0 1.962 1.848 
0.0802 0.1137 0.1199 1.716 0 0 1.949 1.835 
0.0804 0.1133 0.1199 1.703 0 0 1.936 1.823 
0.0806 0.1128 0.1199 1.691 0 0 1.924 1.811 
0.0808 0.1123 0.1199 1.679 0 0 1.911 1.799 
0.081 0.1118 0.1199 1.667 0 0 1.898 1.787 
0.0812 0.1113 0.1199 1.655 0 0 1.886 1.775 
0.0814 0.1108 0.1198 1.643 0 0 1.874 1.763 
0.0816 0.1104 0.1198 1.631 0 0 1.861 1.751 
0.0818 0.1099 0.1198 1.62 0 0 1.849 1.739 
0.082 0.1094 0.1198 1.608 0 0 1.837 1.728 
0.0822 0.109 0.1198 1.597 0 0 1.826 1.717 
0.0824 0.1085 0.1197 1.586 0 0 1.814 1.705 
0.0826 0.1081 0.1197 1.574 0 0 1.802 1.694 
0.0828 0.1076 0.1197 1.563 0 0 1.791 1.683 
0.083 0.1072 0.1197 1.552 0 0 1.779 1.672 
0.0832 0.1067 0.1197 1.542 0 0 1.768 1.661 
0.0834 0.1063 0.1197 1.531 0 0 1.757 1.65 
0.0836 0.1058 0.1196 1.52 0 0 1.746 1.64 
0.0838 0.1054 0.1196 1.51 0 0 1.735 1.629 
0.084 0.1049 0.1196 1.499 0 0 1.724 1.619 
0.0842 0.1045 0.1196 1.489 0 0 1.713 1.608 
0.0844 0.1041 0.1196 1.479 0 0 1.702 1.598 
0.0846 0.1036 0.1195 1.468 0 0 1.692 1.588 
0.0848 0.1032 0.1195 1.458 0 0 1.681 1.578 
0.085 0.1028 0.1195 1.448 0 0 1.671 1.568 
0.0852 0.1024 0.1195 1.438 0 0 1.66 1.558 
0.0854 0.102 0.1195 1.429 0 0 1.65 1.548 
0.0856 0.1015 0.1194 1.419 0 0 1.64 1.538 
0.0858 0.1011 0.1194 1.409 0 0 1.63 1.529 
0.086 0.1007 0.1194 1.4 0 0 1.62 1.519 
0.0862 0.1003 0.1194 1.39 0 0 1.61 1.51 
0.0864 0.09991 0.1193 1.381 0 0 1.6 1.5 
0.0866 0.09951 0.1193 1.372 0 0 1.591 1.491 
0.0868 0.09911 0.1193 1.363 0 0 1.581 1.482 
0.087 0.09871 0.1193 1.353 0 0 1.571 1.473 
0.0872 0.09832 0.1193 1.344 0 0 1.562 1.464 
0.0874 0.09792 0.1192 1.335 0 0 1.553 1.455 
0.0876 0.09753 0.1192 1.327 0 0 1.543 1.446 
0.0878 0.09715 0.1192 1.318 0 0 1.534 1.437 
0.088 0.09676 0.1192 1.309 0 0 1.525 1.428 
0.0882 0.09638 0.1192 1.3 0 0 1.516 1.42 
0.0884 0.096 0.1191 1.292 0 0 1.507 1.411 
0.0886 0.09562 0.1191 1.283 0 0 1.498 1.402 
0.0888 0.09524 0.1191 1.275 0 0 1.489 1.394 
0.089 0.09487 0.1191 1.267 0 0 1.48 1.386 
0.0892 0.0945 0.119 1.258 0 0 1.472 1.377 
0.0894 0.09413 0.119 1.25 0 0 1.463 1.369 
0.0896 0.09376 0.119 1.242 0 0 1.455 1.361 
0.0898 0.0934 0.119 1.234 0 0 1.446 1.353 
0.09 0.09303 0.119 1.226 0 0 1.438 1.345 
0.0902 0.09267 0.1189 1.218 0 0 1.43 1.337 
0.0904 0.09232 0.1189 1.21 0 0 1.421 1.329 
0.0906 0.09196 0.1189 1.202 0 0 1.413 1.321 
0.0908 0.0916 0.1189 1.195 0 0 1.405 1.313 
0.091 0.09125 0.1188 1.187 0 0 1.397 1.306 
0.0912 0.0909 0.1188 1.179 0 0 1.389 1.298 
0.0914 0.09056 0.1188 1.172 0 0 1.381 1.291 
0.0916 0.09021 0.1188 1.164 0 0 1.373 1.283 
0.0918 0.08987 0.1187 1.157 0 0 1.366 1.276 
0.092 0.08952 0.1187 1.15 0 0 1.358 1.268 
0.0922 0.08918 0.1187 1.142 0 0 1.35 1.261 
0.0924 0.08885 0.1187 1.135 0 0 1.343 1.254 
0.0926 0.08851 0.1186 1.128 0 0 1.335 1.247 
0.0928 0.08818 0.1186 1.121 0 0 1.328 1.24 
0.093 0.08784 0.1186 1.114 0 0 1.32 1.233 
0.0932 0.08751 0.1186 1.107 0 0 1.313 1.226 
0.0934 0.08719 0.1185 1.1 0 0 1.306 1.219 
0.0936 0.08686 0.1185 1.093 0 0 1.299 1.212 
0.0938 0.08654 0.1185 1.086 0 0 1.291 1.205 
0.094 0.08621 0.1185 1.08 0 0 1.284 1.198 
0.0942 0.08589 0.1184 1.073 0 0 1.277 1.191 
0.0944 0.08557 0.1184 1.066 0 0 1.27 1.185 
0.0946 0.08526 0.1184 1.06 0 0 1.263 1.178 
0.0948 0.08494 0.1184 1.053 0 0 1.256 1.172 
0.095 0.08463 0.1183 1.047 0 0 1.25 1.165 
0.0952 0.08432 0.1183 1.04 0 0 1.243 1.159 
0.0954 0.08401 0.1183 1.034 0 0 1.236 1.152 
0.0956 0.0837 0.1183 1.028 0 0 1.23 1.146 
0.0958 0.08339 0.1182 1.021 0 0 1.223 1.14 
0.096 0.08309 0.1182 1.015 0 0 1.216 1.133 
0.0962 0.08278 0.1182 1.009 0 0 1.21 1.127 
0.0964 0.08248 0.1182 1.003 0 0 1.204 1.121 
0.0966 0.08218 0.1181 0.9968 0 0 1.197 1.115 
0.0968 0.08188 0.1181 0.9908 0 0 1.191 1.109 
0.097 0.08159 0.1181 0.9848 0 0 1.184 1.103 
0.0972 0.08129 0.1181 0.9789 0 0 1.178 1.097 
0.0974 0.081 0.118 0.973 0 0 1.172 1.091 
0.0976 0.08071 0.118 0.9672 0 0 1.166 1.085 
0.0978 0.08042 0.118 0.9614 0 0 1.16 1.079 
0.098 0.08013 0.118 0.9557 0 0 1.154 1.074 
0.0982 0.07984 0.1179 0.95 0 0 1.148 1.068 
0.0984 0.07956 0.1179 0.9443 0 0 1.142 1.062 
0.0986 0.07927 0.1179 0.9387 0 0 1.136 1.057 
0.0988 0.07899 0.1179 0.9332 0 0 1.13 1.051 
0.099 0.07871 0.1178 0.9277 0 0 1.124 1.045 
0.0992 0.07843 0.1178 0.9222 0 0 1.118 1.04 
0.0994 0.07816 0.1178 0.9168 0 0 1.113 1.035 
0.0996 0.07788 0.1177 0.9114 0 0 1.107 1.029 
0.0998 0.07761 0.1177 0.906 0 0 1.101 1.024 
0.1 0.07733 0.1177 0.9007 0 0 1.096 1.018 
0.1002 0.07706 0.1177 0.8955 0 0 1.09 1.013 
0.1004 0.07679 0.1176 0.8903 0 0 1.085 1.008 
0.1006 0.07652 0.1176 0.8851 0 0 1.079 1.003 
0.1008 0.07625 0.1176 0.88 0 0 1.074 0.9975 
0.101 0.07599 0.1176 0.8749 0 0 1.068 0.9924 
0.1012 0.07572 0.1175 0.8698 0 0 1.063 0.9873 
0.1014 0.07546 0.1175 0.8648 0 0 1.058 0.9823 
0.1016 0.0752 0.1175 0.8598 0 0 1.052 0.9773 
0.1018 0.07494 0.1174 0.8548 0 0 1.047 0.9723 
0.102 0.07468 0.1174 0.8499 0 0 1.042 0.9674 
0.1022 0.07442 0.1174 0.8451 0 0 1.037 0.9625 
0.1024 0.07417 0.1174 0.8402 0 0 1.032 0.9576 
0.1026 0.07391 0.1173 0.8354 0 0 1.027 0.9528 
0.1028 0.07366 0.1173 0.8307 0 0 1.022 0.948 
0.103 0.07341 0.1173 0.826 0 0 1.017 0.9432 
0.1032 0.07316 0.1173 0.8213 0 0 1.012 0.9385 
0.1034 0.07291 0.1172 0.8166 0 0 1.007 0.9339 
0.1036 0.07266 0.1172 0.812 0 0 1.002 0.9292 
0.1038 0.07241 0.1172 0.8074 0 0 0.997 0.9246 
0.104 0.07217 0.1171 0.8029 0 0 0.9922 0.92 
0.1042 0.07192 0.1171 0.7984 0 0 0.9874 0.9155 
0.1044 0.07168 0.1171 0.7939 0 0 0.9827 0.911 
0.1046 0.07144 0.1171 0.7894 0 0 0.9779 0.9065 
0.1048 0.0712 0.117 0.785 0 0 0.9733 0.9021 
0.105 0.07096 0.117 0.7806 0 0 0.9686 0.8976 
0.1052 0.07072 0.117 0.7763 0 0 0.964 0.8933 
0.1054 0.07048 0.1169 0.772 0 0 0.9594 0.8889 
0.1056 0.07025 0.1169 0.7677 0 0 0.9549 0.8846 
0.1058 0.07001 0.1169 0.7634 0 0 0.9503 0.8803 
0.106 0.06978 0.1169 0.7592 0 0 0.9459 0.8761 
0.1062 0.06955 0.1168 0.755 0 0 0.9414 0.8719 
0.1064 0.06932 0.1168 0.7509 0 0 0.937 0.8677 
0.1066 0.06909 0.1168 0.7467 0 0 0.9326 0.8635 
0.1068 0.06886 0.1167 0.7426 0 0 0.9282 0.8594 
0.107 0.06863 0.1167 0.7386 0 0 0.9239 0.8553 
0.1072 0.0684 0.1167 0.7345 0 0 0.9196 0.8512 
0.1074 0.06818 0.1167 0.7305 0 0 0.9154 0.8472 
0.1076 0.06795 0.1166 0.7265 0 0 0.9111 0.8432 
0.1078 0.06773 0.1166 0.7226 0 0 0.9069 0.8392 
0.108 0.06751 0.1166 0.7187 0 0 0.9027 0.8352 
0.1082 0.06729 0.1165 0.7148 0 0 0.8986 0.8313 
0.1084 0.06707 0.1165 0.7109 0 0 0.8945 0.8274 
0.1086 0.06685 0.1165 0.7071 0 0 0.8904 0.8236 
0.1088 0.06663 0.1165 0.7033 0 0 0.8863 0.8197 
0.109 0.06642 0.1164 0.6995 0 0 0.8823 0.8159 
0.1092 0.0662 0.1164 0.6957 0 0 0.8783 0.8121 
0.1094 0.06599 0.1164 0.692 0 0 0.8743 0.8084 
0.1096 0.06577 0.1163 0.6883 0 0 0.8704 0.8046 
0.1098 0.06556 0.1163 0.6846 0 0 0.8665 0.8009 
0.11 0.06535 0.1163 0.6809 0 0 0.8626 0.7972 
0.1102 0.06514 0.1163 0.6773 0 0 0.8587 0.7936 
0.1104 0.06493 0.1162 0.6737 0 0 0.8549 0.7899 
0.1106 0.06472 0.1162 0.6701 0 0 0.8511 0.7863 
0.1108 0.06451 0.1162 0.6666 0 0 0.8473 0.7828 
0.111 0.06431 0.1161 0.6631 0 0 0.8435 0.7792 
0.1112 0.0641 0.1161 0.6596 0 0 0.8398 0.7757 
0.1114 0.0639 0.1161 0.6561 0 0 0.8361 0.7722 
0.1116 0.0637 0.116 0.6526 0 0 0.8324 0.7687 
0.1118 0.06349 0.116 0.6492 0 0 0.8287 0.7652 
0.112 0.06329 0.116 0.6458 0 0 0.8251 0.7618 
0.1122 0.06309 0.116 0.6424 0 0 0.8215 0.7584 
0.1124 0.06289 0.1159 0.6391 0 0 0.8179 0.755 
0.1126 0.0627 0.1159 0.6358 0 0 0.8143 0.7517 
0.1128 0.0625 0.1159 0.6324 0 0 0.8108 0.7483 
0.113 0.0623 0.1158 0.6292 0 0 0.8073 0.745 
0.1132 0.06211 0.1158 0.6259 0 0 0.8038 0.7417 
0.1134 0.06191 0.1158 0.6227 0 0 0.8003 0.7384 
0.1136 0.06172 0.1158 0.6194 0 0 0.7969 0.7352 
0.1138 0.06153 0.1157 0.6162 0 0 0.7935 0.732 
0.114 0.06133 0.1157 0.6131 0 0 0.7901 0.7288 
0.1142 0.06114 0.1157 0.6099 0 0 0.7867 0.7256 
0.1144 0.06095 0.1156 0.6068 0 0 0.7834 0.7224 
0.1146 0.06076 0.1156 0.6037 0 0 0.78 0.7193 
0.1148 0.06058 0.1156 0.6006 0 0 0.7767 0.7162 
0.115 0.06039 0.1155 0.5975 0 0 0.7734 0.7131 
0.1152 0.0602 0.1155 0.5945 0 0 0.7702 0.71 
0.1154 0.06002 0.1155 0.5914 0 0 0.7669 0.7069 
0.1156 0.05983 0.1155 0.5884 0 0 0.7637 0.7039 
0.1158 0.05965 0.1154 0.5855 0 0 0.7605 0.7009 
0.116 0.05946 0.1154 0.5825 0 0 0.7573 0.6979 
0.1162 0.05928 0.1154 0.5795 0 0 0.7542 0.6949 
0.1164 0.0591 0.1153 0.5766 0 0 0.7511 0.6919 
0.1166 0.05892 0.1153 0.5737 0 0 0.7479 0.689 
0.1168 0.05874 0.1153 0.5708 0 0 0.7448 0.6861 
0.117 0.05856 0.1152 0.568 0 0 0.7418 0.6832 
0.1172 0.05838 0.1152 0.5651 0 0 0.7387 0.6803 
0.1174 0.05821 0.1152 0.5623 0 0 0.7357 0.6775 
0.1176 0.05803 0.1152 0.5595 0 0 0.7327 0.6746 
0.1178 0.05785 0.1151 0.5567 0 0 0.7297 0.6718 
0.118 0.05768 0.1151 0.5539 0 0 0.7267 0.669 
0.1182 0.05751 0.1151 0.5512 0 0 0.7237 0.6662 
0.1184 0.05733 0.115 0.5484 0 0 0.7208 0.6635 
0.1186 0.05716 0.115 0.5457 0 0 0.7179 0.6607 
0.1188 0.05699 0.115 0.543 0 0 0.715 0.658 
0.119 0.05682 0.1149 0.5403 0 0 0.7121 0.6553 
0.1192 0.05665 0.1149 0.5377 0 0 0.7092 0.6526 
0.1194 0.05648 0.1149 0.535 0 0 0.7064 0.6499 
0.1196 0.05631 0.1148 0.5324 0 0 0.7035 0.6472 
0.1198 0.05614 0.1148 0.5298 0 0 0.7007 0.6446 
0.12 0.05598 0.1148 0.5272 0 0 0.6979 0.642 
0.1202 0.05581 0.1148 0.5246 0 0 0.6952 0.6394 
0.1204 0.05564 0.1147 0.522 0 0 0.6924 0.6368 
0.1206 0.05548 0.1147 0.5195 0 0 0.6897 0.6342 
0.1208 0.05531 0.1147 0.517 0 0 0.6869 0.6316 
0.121 0.05515 0.1146 0.5145 0 0 0.6842 0.6291 
0.1212 0.05499 0.1146 0.512 0 0 0.6816 0.6266 
0.1214 0.05483 0.1146 0.5095 0 0 0.6789 0.6241 
0.1216 0.05467 0.1145 0.507 0 0 0.6762 0.6216 
0.1218 0.05451 0.1145 0.5046 0 0 0.6736 0.6191 
0.122 0.05435 0.1145 0.5021 0 0 0.671 0.6166 
0.1222 0.05419 0.1145 0.4997 0 0 0.6684 0.6142 
0.1224 0.05403 0.1144 0.4973 0 0 0.6658 0.6117 
0.1226 0.05387 0.1144 0.4949 0 0 0.6632 0.6093 
0.1228 0.05371 0.1144 0.4926 0 0 0.6606 0.6069 
0.123 0.05356 0.1143 0.4902 0 0 0.6581 0.6045 
0.1232 0.0534 0.1143 0.4879 0 0 0.6556 0.6022 
0.1234 0.05325 0.1143 0.4855 0 0 0.6531 0.5998 
0.1236 0.05309 0.1142 0.4832 0 0 0.6506 0.5975 
0.1238 0.05294 0.1142 0.4809 0 0 0.6481 0.5951 
0.124 0.05279 0.1142 0.4787 0 0 0.6456 0.5928 
0.1242 0.05263 0.1141 0.4764 0 0 0.6432 0.5905 
0.1244 0.05248 0.1141 0.4741 0 0 0.6407 0.5883 
0.1246 0.05233 0.1141 0.4719 0 0 0.6383 0.586 
0.1248 0.05218 0.1141 0.4697 0 0 0.6359 0.5837 
0.125 0.05203 0.114 0.4675 0 0 0.6335 0.5815 
0.1252 0.05188 0.114 0.4653 0 0 0.6312 0.5793 
0.1254 0.05173 0.114 0.4631 0 0 0.6288 0.5771 
0.1256 0.05159 0.1139 0.4609 0 0 0.6264 0.5749 
0.1258 0.05144 0.1139 0.4588 0 0 0.6241 0.5727 
0.126 0.05129 0.1139 0.4566 0 0 0.6218 0.5705 
0.1262 0.05115 0.1138 0.4545 0 0 0.6195 0.5683 
0.1264 0.051 0.1138 0.4524 0 0 0.6172 0.5662 
0.1266 0.05086 0.1138 0.4503 0 0 0.6149 0.5641 
0.1268 0.05071 0.1137 0.4482 0 0 0.6127 0.5619 
0.127 0.05057 0.1137 0.4461 0 0 0.6104 0.5598 
0.1272 0.05043 0.1137 0.4441 0 0 0.6082 0.5577 
0.1274 0.05029 0.1137 0.442 0 0 0.6059 0.5557 
0.1276 0.05014 0.1136 0.44 0 0 0.6037 0.5536 
0.1278 0.05 0.1136 0.4379 0 0 0.6015 0.5515 
0.128 0.04986 0.1136 0.4359 0 0 0.5994 0.5495 
0.1282 0.04972 0.1135 0.4339 0 0 0.5972 0.5475 
0.1284 0.04958 0.1135 0.4319 0 0 0.595 0.5454 
0.1286 0.04945 0.1135 0.43 0 0 0.5929 0.5434 
0.1288 0.04931 0.1134 0.428 0 0 0.5907 0.5414 
0.129 0.04917 0.1134 0.4261 0 0 0.5886 0.5395 
0.1292 0.04903 0.1134 0.4241 0 0 0.5865 0.5375 
0.1294 0.0489 0.1133 0.4222 0 0 0.5844 0.5355 
0.1296 0.04876 0.1133 0.4203 0 0 0.5823 0.5336 
0.1298 0.04863 0.1133 0.4184 0 0 0.5803 0.5316 
0.13 0.04849 0.1132 0.4165 0 0 0.5782 0.5297 
0.1302 0.04836 0.1132 0.4146 0 0 0.5762 0.5278 
0.1304 0.04822 0.1132 0.4127 0 0 0.5741 0.5259 
0.1306 0.04809 0.1132 0.4109 0 0 0.5721 0.524 
0.1308 0.04796 0.1131 0.409 0 0 0.5701 0.5221 
0.131 0.04783 0.1131 0.4072 0 0 0.5681 0.5203 
0.1312 0.0477 0.1131 0.4054 0 0 0.5661 0.5184 
0.1314 0.04756 0.113 0.4035 0 0 0.5641 0.5166 
0.1316 0.04743 0.113 0.4017 0 0 0.5622 0.5147 
0.1318 0.0473 0.113 0.3999 0 0 0.5602 0.5129 
0.132 0.04718 0.1129 0.3982 0 0 0.5583 0.5111 
0.1322 0.04705 0.1129 0.3964 0 0 0.5563 0.5093 
0.1324 0.04692 0.1129 0.3946 0 0 0.5544 0.5075 
0.1326 0.04679 0.1128 0.3929 0 0 0.5525 0.5057 
0.1328 0.04666 0.1128 0.3911 0 0 0.5506 0.5039 
0.133 0.04654 0.1128 0.3894 0 0 0.5487 0.5022 
0.1332 0.04641 0.1128 0.3877 0 0 0.5468 0.5004 
0.1334 0.04629 0.1127 0.386 0 0 0.545 0.4987 
0.1336 0.04616 0.1127 0.3843 0 0 0.5431 0.497 
0.1338 0.04604 0.1127 0.3826 0 0 0.5413 0.4952 
0.134 0.04591 0.1126 0.3809 0 0 0.5394 0.4935 
0.1342 0.04579 0.1126 0.3792 0 0 0.5376 0.4918 
0.1344 0.04567 0.1126 0.3776 0 0 0.5358 0.4901 
0.1346 0.04554 0.1125 0.3759 0 0 0.534 0.4885 
0.1348 0.04542 0.1125 0.3743 0 0 0.5322 0.4868 
0.135 0.0453 0.1125 0.3727 0 0 0.5304 0.4851 
0.1352 0.04518 0.1124 0.371 0 0 0.5287 0.4835 
0.1354 0.04506 0.1124 0.3694 0 0 0.5269 0.4818 
0.1356 0.04494 0.1124 0.3678 0 0 0.5251 0.4802 
0.1358 0.04482 0.1124 0.3662 0 0 0.5234 0.4786 
0.136 0.0447 0.1123 0.3646 0 0 0.5217 0.477 
0.1362 0.04458 0.1123 0.3631 0 0 0.5199 0.4754 
0.1364 0.04446 0.1123 0.3615 0 0 0.5182 0.4738 
0.1366 0.04435 0.1122 0.3599 0 0 0.5165 0.4722 
0.1368 0.04423 0.1122 0.3584 0 0 0.5148 0.4706 
0.137 0.04411 0.1122 0.3569 0 0 0.5131 0.469 
0.1372 0.04399 0.1121 0.3553 0 0 0.5115 0.4675 
0.1374 0.04388 0.1121 0.3538 0 0 0.5098 0.4659 
0.1376 0.04376 0.1121 0.3523 0 0 0.5081 0.4644 
0.1378 0.04365 0.112 0.3508 0 0 0.5065 0.4628 
0.138 0.04353 0.112 0.3493 0 0 0.5048 0.4613 
0.1382 0.04342 0.112 0.3478 0 0 0.5032 0.4598 
0.1384 0.04331 0.1119 0.3463 0 0 0.5016 0.4583 
0.1386 0.04319 0.1119 0.3449 0 0 0.5 0.4568 
0.1388 0.04308 0.1119 0.3434 0 0 0.4984 0.4553 
0.139 0.04297 0.1119 0.3419 0 0 0.4968 0.4538 
0.1392 0.04286 0.1118 0.3405 0 0 0.4952 0.4523 
0.1394 0.04274 0.1118 0.3391 0 0 0.4936 0.4509 
0.1396 0.04263 0.1118 0.3376 0 0 0.492 0.4494 
0.1398 0.04252 0.1117 0.3362 0 0 0.4905 0.4479 
0.14 0.04241 0.1117 0.3348 0 0 0.4889 0.4465 
0.1402 0.0423 0.1117 0.3334 0 0 0.4874 0.4451 
0.1404 0.04219 0.1116 0.332 0 0 0.4858 0.4436 
0.1406 0.04209 0.1116 0.3306 0 0 0.4843 0.4422 
0.1408 0.04198 0.1116 0.3292 0 0 0.4828 0.4408 
0.141 0.04187 0.1115 0.3278 0 0 0.4813 0.4394 
0.1412 0.04176 0.1115 0.3265 0 0 0.4798 0.438 
0.1414 0.04165 0.1115 0.3251 0 0 0.4783 0.4366 
0.1416 0.04155 0.1115 0.3238 0 0 0.4768 0.4352 
0.1418 0.04144 0.1114 0.3224 0 0 0.4753 0.4339 
0.142 0.04133 0.1114 0.3211 0 0 0.4738 0.4325 
0.1422 0.04123 0.1114 0.3198 0 0 0.4724 0.4311 
0.1424 0.04112 0.1113 0.3184 0 0 0.4709 0.4298 
0.1426 0.04102 0.1113 0.3171 0 0 0.4694 0.4284 
0.1428 0.04091 0.1113 0.3158 0 0 0.468 0.4271 
0.143 0.04081 0.1112 0.3145 0 0 0.4666 0.4258 
0.1432 0.04071 0.1112 0.3132 0 0 0.4651 0.4244 
0.1434 0.0406 0.1112 0.3119 0 0 0.4637 0.4231 
0.1436 0.0405 0.1111 0.3107 0 0 0.4623 0.4218 
0.1438 0.0404 0.1111 0.3094 0 0 0.4609 0.4205 
0.144 0.0403 0.1111 0.3081 0 0 0.4595 0.4192 
0.1442 0.04019 0.1111 0.3069 0 0 0.4581 0.4179 
0.1444 0.04009 0.111 0.3056 0 0 0.4567 0.4167 
0.1446 0.03999 0.111 0.3044 0 0 0.4554 0.4154 
0.1448 0.03989 0.111 0.3031 0 0 0.454 0.4141 
0.145 0.03979 0.1109 0.3019 0 0 0.4526 0.4128 
0.1452 0.03969 0.1109 0.3007 0 0 0.4513 0.4116 
0.1454 0.03959 0.1109 0.2995 0 0 0.4499 0.4103 
0.1456 0.03949 0.1108 0.2983 0 0 0.4486 0.4091 
0.1458 0.0394 0.1108 0.2971 0 0 0.4473 0.4079 
0.146 0.0393 0.1108 0.2959 0 0 0.4459 0.4066 
0.1462 0.0392 0.1107 0.2947 0 0 0.4446 0.4054 
0.1464 0.0391 0.1107 0.2935 0 0 0.4433 0.4042 
0.1466 0.039 0.1107 0.2923 0 0 0.442 0.403 
0.1468 0.03891 0.1107 0.2911 0 0 0.4407 0.4018 
0.147 0.03881 0.1106 0.29 0 0 0.4394 0.4006 
0.1472 0.03871 0.1106 0.2888 0 0 0.4381 0.3994 
0.1474 0.03862 0.1106 0.2877 0 0 0.4368 0.3982 
0.1476 0.03852 0.1105 0.2865 0 0 0.4356 0.3971 
0.1478 0.03843 0.1105 0.2854 0 0 0.4343 0.3959 
0.148 0.03833 0.1105 0.2843 0 0 0.4331 0.3947 
0.1482 0.03824 0.1104 0.2831 0 0 0.4318 0.3936 
0.1484 0.03814 0.1104 0.282 0 0 0.4306 0.3924 
0.1486 0.03805 0.1104 0.2809 0 0 0.4293 0.3913 
0.1488 0.03796 0.1103 0.2798 0 0 0.4281 0.3901 
0.149 0.03786 0.1103 0.2787 0 0 0.4268 0.389 
0.1492 0.03777 0.1103 0.2776 0 0 0.4256 0.3879 
0.1494 0.03768 0.1103 0.2765 0 0 0.4244 0.3867 
0.1496 0.03759 0.1102 0.2754 0 0 0.4232 0.3856 
0.1498 0.0375 0.1102 0.2743 0 0 0.422 0.3845 
0.15 0.0374 0.1102 0.2732 0 0 0.4208 0.3834 
0.1502 0.03731 0.1101 0.2722 0 0 0.4196 0.3823 
0.1504 0.03722 0.1101 0.2711 0 0 0.4184 0.3812 
0.1506 0.03713 0.1101 0.27 0 0 0.4172 0.3801 
0.1508 0.03704 0.11 0.269 0 0 0.4161 0.379 
0.151 0.03695 0.11 0.2679 0 0 0.4149 0.378 
0.1512 0.03686 0.11 0.2669 0 0 0.4137 0.3769 
0.1514 0.03677 0.1099 0.2659 0 0 0.4126 0.3758 
0.1516 0.03669 0.1099 0.2648 0 0 0.4114 0.3748 
0.1518 0.0366 0.1099 0.2638 0 0 0.4103 0.3737 
0.152 0.03651 0.1099 0.2628 0 0 0.4092 0.3726 
0.1522 0.03642 0.1098 0.2618 0 0 0.408 0.3716 
0.1524 0.03633 0.1098 0.2608 0 0 0.4069 0.3706 
0.1526 0.03625 0.1098 0.2598 0 0 0.4058 0.3695 
0.1528 0.03616 0.1097 0.2588 0 0 0.4047 0.3685 
0.153 0.03607 0.1097 0.2578 0 0 0.4035 0.3675 
0.1532 0.03599 0.1097 0.2568 0 0 0.4024 0.3664 
0.1534 0.0359 0.1096 0.2558 0 0 0.4013 0.3654 
0.1536 0.03581 0.1096 0.2548 0 0 0.4002 0.3644 
0.1538 0.03573 0.1096 0.2538 0 0 0.3992 0.3634 
0.154 0.03564 0.1095 0.2529 0 0 0.3981 0.3624 
0.1542 0.03556 0.1095 0.2519 0 0 0.397 0.3614 
0.1544 0.03548 0.1095 0.2509 0 0 0.3959 0.3604 
0.1546 0.03539 0.1095 0.25 0 0 0.3948 0.3595 
0.1548 0.03531 0.1094 0.249 0 0 0.3938 0.3585 
0.155 0.03522 0.1094 0.2481 0 0 0.3927 0.3575 
0.1552 0.03514 0.1094 0.2472 0 0 0.3917 0.3565 
0.1554 0.03506 0.1093 0.2462 0 0 0.3906 0.3556 
0.1556 0.03497 0.1093 0.2453 0 0 0.3896 0.3546 
0.1558 0.03489 0.1093 0.2444 0 0 0.3885 0.3536 
0.156 0.03481 0.1092 0.2435 0 0 0.3875 0.3527 
0.1562 0.03473 0.1092 0.2425 0 0 0.3865 0.3518 
0.1564 0.03465 0.1092 0.2416 0 0 0.3855 0.3508 
0.1566 0.03457 0.1092 0.2407 0 0 0.3844 0.3499 
0.1568 0.03448 0.1091 0.2398 0 0 0.3834 0.3489 
0.157 0.0344 0.1091 0.2389 0 0 0.3824 0.348 
0.1572 0.03432 0.1091 0.238 0 0 0.3814 0.3471 
0.1574 0.03424 0.109 0.2371 0 0 0.3804 0.3462 
0.1576 0.03416 0.109 0.2363 0 0 0.3794 0.3453 
0.1578 0.03408 0.109 0.2354 0 0 0.3784 0.3443 
0.158 0.034 0.1089 0.2345 0 0 0.3774 0.3434 
0.1582 0.03393 0.1089 0.2336 0 0 0.3765 0.3425 
0.1584 0.03385 0.1089 0.2328 0 0 0.3755 0.3416 
0.1586 0.03377 0.1089 0.2319 0 0 0.3745 0.3407 
0.1588 0.03369 0.1088 0.231 0 0 0.3736 0.3399 
0.159 0.03361 0.1088 0.2302 0 0 0.3726 0.339 
0.1592 0.03353 0.1088 0.2293 0 0 0.3716 0.3381 
0.1594 0.03346 0.1087 0.2285 0 0 0.3707 0.3372 
0.1596 0.03338 0.1087 0.2276 0 0 0.3697 0.3364 
0.1598 0.0333 0.1087 0.2268 0 0 0.3688 0.3355 
0.16 0.03323 0.1086 0.226 0 0 0.3678 0.3346 
0.1602 0.03315 0.1086 0.2252 0 0 0.3669 0.3338 
0.1604 0.03307 0.1086 0.2243 0 0 0.366 0.3329 
0.1606 0.033 0.1086 0.2235 0 0 0.3651 0.3321 
0.1608 0.03292 0.1085 0.2227 0 0 0.3641 0.3312 
0.161 0.03285 0.1085 0.2219 0 0 0.3632 0.3304 
0.1612 0.03277 0.1085 0.2211 0 0 0.3623 0.3295 
0.1614 0.0327 0.1084 0.2203 0 0 0.3614 0.3287 
0.1616 0.03262 0.1084 0.2195 0 0 0.3605 0.3279 
0.1618 0.03255 0.1084 0.2187 0 0 0.3596 0.327 
0.162 0.03247 0.1083 0.2179 0 0 0.3587 0.3262 
0.1622 0.0324 0.1083 0.2171 0 0 0.3578 0.3254 
0.1624 0.03233 0.1083 0.2163 0 0 0.3569 0.3246 
0.1626 0.03225 0.1082 0.2155 0 0 0.356 0.3238 
0.1628 0.03218 0.1082 0.2147 0 0 0.3551 0.323 
0.163 0.03211 0.1082 0.214 0 0 0.3543 0.3222 
0.1632 0.03203 0.1082 0.2132 0 0 0.3534 0.3214 
0.1634 0.03196 0.1081 0.2124 0 0 0.3525 0.3206 
0.1636 0.03189 0.1081 0.2117 0 0 0.3517 0.3198 
0.1638 0.03182 0.1081 0.2109 0 0 0.3508 0.319 
0.164 0.03175 0.108 0.2102 0 0 0.3499 0.3182 
0.1642 0.03168 0.108 0.2094 0 0 0.3491 0.3174 
0.1644 0.0316 0.108 0.2087 0 0 0.3482 0.3166 
0.1646 0.03153 0.108 0.2079 0 0 0.3474 0.3159 
0.1648 0.03146 0.1079 0.2072 0 0 0.3466 0.3151 
0.165 0.03139 0.1079 0.2064 0 0 0.3457 0.3143 
0.1652 0.03132 0.1079 0.2057 0 0 0.3449 0.3136 
0.1654 0.03125 0.1078 0.205 0 0 0.3441 0.3128 
0.1656 0.03118 0.1078 0.2042 0 0 0.3432 0.312 
0.1658 0.03111 0.1078 0.2035 0 0 0.3424 0.3113 
0.166 0.03104 0.1077 0.2028 0 0 0.3416 0.3105 
0.1662 0.03097 0.1077 0.2021 0 0 0.3408 0.3098 
0.1664 0.03091 0.1077 0.2014 0 0 0.34 0.3091 
0.1666 0.03084 0.1077 0.2007 0 0 0.3392 0.3083 
0.1668 0.03077 0.1076 0.2 0 0 0.3384 0.3076 
0.167 0.0307 0.1076 0.1993 0 0 0.3376 0.3068 
0.1672 0.03063 0.1076 0.1986 0 0 0.3368 0.3061 
0.1674 0.03056 0.1075 0.1979 0 0 0.336 0.3054 
0.1676 0.0305 0.1075 0.1972 0 0 0.3352 0.3047 
0.1678 0.03043 0.1075 0.1965 0 0 0.3344 0.304 
0.168 0.03036 0.1074 0.1958 0 0 0.3336 0.3032 
0.1682 0.0303 0.1074 0.1951 0 0 0.3328 0.3025 
0.1684 0.03023 0.1074 0.1944 0 0 0.332 0.3018 
0.1686 0.03016 0.1074 0.1938 0 0 0.3313 0.3011 
0.1688 0.0301 0.1073 0.1931 0 0 0.3305 0.3004 
0.169 0.03003 0.1073 0.1924 0 0 0.3297 0.2997 
0.1692 0.02997 0.1073 0.1917 0 0 0.329 0.299 
0.1694 0.0299 0.1072 0.1911 0 0 0.3282 0.2983 
0.1696 0.02983 0.1072 0.1904 0 0 0.3275 0.2976 
0.1698 0.02977 0.1072 0.1898 0 0 0.3267 0.2969 
0.17 0.0297 0.1071 0.1891 0 0 0.326 0.2963 
0.1702 0.02964 0.1071 0.1885 0 0 0.3252 0.2956 
0.1704 0.02958 0.1071 0.1878 0 0 0.3245 0.2949 
0.1706 0.02951 0.1071 0.1872 0 0 0.3237 0.2942 
0.1708 0.02945 0.107 0.1865 0 0 0.323 0.2935 
0.171 0.02938 0.107 0.1859 0 0 0.3223 0.2929 
0.1712 0.02932 0.107 0.1852 0 0 0.3215 0.2922 
0.1714 0.02926 0.1069 0.1846 0 0 0.3208 0.2915 
0.1716 0.02919 0.1069 0.184 0 0 0.3201 0.2909 
0.1718 0.02913 0.1069 0.1833 0 0 0.3194 0.2902 
0.172 0.02907 0.1069 0.1827 0 0 0.3186 0.2896 
0.1722 0.029 0.1068 0.1821 0 0 0.3179 0.2889 
0.1724 0.02894 0.1068 0.1815 0 0 0.3172 0.2883 
0.1726 0.02888 0.1068 0.1809 0 0 0.3165 0.2876 
0.1728 0.02882 0.1067 0.1803 0 0 0.3158 0.287 
0.173 0.02876 0.1067 0.1796 0 0 0.3151 0.2863 
0.1732 0.02869 0.1067 0.179 0 0 0.3144 0.2857 
0.1734 0.02863 0.1066 0.1784 0 0 0.3137 0.2851 
0.1736 0.02857 0.1066 0.1778 0 0 0.313 0.2844 
0.1738 0.02851 0.1066 0.1772 0 0 0.3123 0.2838 
0.174 0.02845 0.1066 0.1766 0 0 0.3116 0.2832 
0.1742 0.02839 0.1065 0.176 0 0 0.311 0.2826 
0.1744 0.02833 0.1065 0.1754 0 0 0.3103 0.2819 
0.1746 0.02827 0.1065 0.1749 0 0 0.3096 0.2813 
0.1748 0.02821 0.1064 0.1743 0 0 0.3089 0.2807 
0.175 0.02815 0.1064 0.1737 0 0 0.3082 0.2801 
0.1752 0.02809 0.1064 0.1731 0 0 0.3076 0.2795 
0.1754 0.02803 0.1064 0.1725 0 0 0.3069 0.2789 
0.1756 0.02797 0.1063 0.1719 0 0 0.3062 0.2783 
0.1758 0.02791 0.1063 0.1714 0 0 0.3056 0.2777 
0.176 0.02785 0.1063 0.1708 0 0 0.3049 0.2771 
0.1762 0.02779 0.1062 0.1702 0 0 0.3043 0.2765 
0.1764 0.02773 0.1062 0.1697 0 0 0.3036 0.2759 
0.1766 0.02768 0.1062 0.1691 0 0 0.303 0.2753 
0.1768 0.02762 0.1062 0.1685 0 0 0.3023 0.2747 
0.177 0.02756 0.1061 0.168 0 0 0.3017 0.2741 
0.1772 0.0275 0.1061 0.1674 0 0 0.301 0.2735 
0.1774 0.02744 0.1061 0.1669 0 0 0.3004 0.2729 
0.1776 0.02739 0.106 0.1663 0 0 0.2998 0.2724 
0.1778 0.02733 0.106 0.1658 0 0 0.2991 0.2718 
0.178 0.02727 0.106 0.1652 0 0 0.2985 0.2712 
0.1782 0.02722 0.1059 0.1647 0 0 0.2979 0.2706 
0.1784 0.02716 0.1059 0.1642 0 0 0.2972 0.2701 
0.1786 0.0271 0.1059 0.1636 0 0 0.2966 0.2695 
0.1788 0.02705 0.1059 0.1631 0 0 0.296 0.2689 
0.179 0.02699 0.1058 0.1625 0 0 0.2954 0.2684 
0.1792 0.02693 0.1058 0.162 0 0 0.2948 0.2678 
0.1794 0.02688 0.1058 0.1615 0 0 0.2941 0.2673 
0.1796 0.02682 0.1057 0.161 0 0 0.2935 0.2667 
0.1798 0.02677 0.1057 0.1604 0 0 0.2929 0.2662 
0.18 0.02671 0.1057 0.1599 0 0 0.2923 0.2656 
0.1802 0.02666 0.1057 0.1594 0 0 0.2917 0.2651 
0.1804 0.0266 0.1056 0.1589 0 0 0.2911 0.2645 
0.1806 0.02655 0.1056 0.1584 0 0 0.2905 0.264 
0.1808 0.02649 0.1056 0.1578 0 0 0.2899 0.2634 
0.181 0.02644 0.1055 0.1573 0 0 0.2893 0.2629 
0.1812 0.02638 0.1055 0.1568 0 0 0.2887 0.2623 
0.1814 0.02633 0.1055 0.1563 0 0 0.2881 0.2618 
0.1816 0.02627 0.1055 0.1558 0 0 0.2876 0.2613 
0.1818 0.02622 0.1054 0.1553 0 0 0.287 0.2607 
0.182 0.02617 0.1054 0.1548 0 0 0.2864 0.2602 
0.1822 0.02611 0.1054 0.1543 0 0 0.2858 0.2597 
0.1824 0.02606 0.1053 0.1538 0 0 0.2852 0.2592 
0.1826 0.02601 0.1053 0.1533 0 0 0.2847 0.2586 
0.1828 0.02595 0.1053 0.1528 0 0 0.2841 0.2581 
0.183 0.0259 0.1053 0.1524 0 0 0.2835 0.2576 
0.1832 0.02585 0.1052 0.1519 0 0 0.2829 0.2571 
0.1834 0.0258 0.1052 0.1514 0 0 0.2824 0.2566 
0.1836 0.02574 0.1052 0.1509 0 0 0.2818 0.2561 
0.1838 0.02569 0.1051 0.1504 0 0 0.2813 0.2556 
0.184 0.02564 0.1051 0.1499 0 0 0.2807 0.2551 
0.1842 0.02559 0.1051 0.1495 0 0 0.2801 0.2546 
0.1844 0.02553 0.1051 0.149 0 0 0.2796 0.254 
0.1846 0.02548 0.105 0.1485 0 0 0.279 0.2535 
0.1848 0.02543 0.105 0.148 0 0 0.2785 0.253 
0.185 0.02538 0.105 0.1476 0 0 0.2779 0.2526 
0.1852 0.02533 0.1049 0.1471 0 0 0.2774 0.2521 
0.1854 0.02528 0.1049 0.1466 0 0 0.2768 0.2516 
0.1856 0.02523 0.1049 0.1462 0 0 0.2763 0.2511 
0.1858 0.02518 0.1049 0.1457 0 0 0.2758 0.2506 
0.186 0.02513 0.1048 0.1453 0 0 0.2752 0.2501 
0.1862 0.02508 0.1048 0.1448 0 0 0.2747 0.2496 
0.1864 0.02503 0.1048 0.1444 0 0 0.2742 0.2491 
0.1866 0.02498 0.1047 0.1439 0 0 0.2736 0.2487 
0.1868 0.02493 0.1047 0.1435 0 0 0.2731 0.2482 
0.187 0.02488 0.1047 0.143 0 0 0.2726 0.2477 
0.1872 0.02483 0.1047 0.1426 0 0 0.272 0.2472 
0.1874 0.02478 0.1046 0.1421 0 0 0.2715 0.2467 
0.1876 0.02473 0.1046 0.1417 0 0 0.271 0.2463 
0.1878 0.02468 0.1046 0.1412 0 0 0.2705 0.2458 
0.188 0.02463 0.1045 0.1408 0 0 0.27 0.2453 
0.1882 0.02458 0.1045 0.1404 0 0 0.2695 0.2449 
0.1884 0.02453 0.1045 0.1399 0 0 0.2689 0.2444 
0.1886 0.02448 0.1045 0.1395 0 0 0.2684 0.2439 
0.1888 0.02443 0.1044 0.1391 0 0 0.2679 0.2435 
0.189 0.02439 0.1044 0.1386 0 0 0.2674 0.243 
0.1892 0.02434 0.1044 0.1382 0 0 0.2669 0.2426 
0.1894 0.02429 0.1044 0.1378 0 0 0.2664 0.2421 
0.1896 0.02424 0.1043 0.1373 0 0 0.2659 0.2417 
0.1898 0.02419 0.1043 0.1369 0 0 0.2654 0.2412 
0.19 0.02415 0.1043 0.1365 0 0 0.2649 0.2408 
0.1902 0.0241 0.1042 0.1361 0 0 0.2644 0.2403 
0.1904 0.02405 0.1042 0.1357 0 0 0.2639 0.2399 
0.1906 0.024 0.1042 0.1352 0 0 0.2634 0.2394 
0.1908 0.02396 0.1042 0.1348 0 0 0.2629 0.239 
0.191 0.02391 0.1041 0.1344 0 0 0.2625 0.2385 
0.1912 0.02386 0.1041 0.134 0 0 0.262 0.2381 
0.1914 0.02382 0.1041 0.1336 0 0 0.2615 0.2377 
0.1916 0.02377 0.104 0.1332 0 0 0.261 0.2372 
0.1918 0.02372 0.104 0.1328 0 0 0.2605 0.2368 
0.192 0.02368 0.104 0.1324 0 0 0.26 0.2364 
0.1922 0.02363 0.104 0.132 0 0 0.2596 0.2359 
0.1924 0.02358 0.1039 0.1316 0 0 0.2591 0.2355 
0.1926 0.02354 0.1039 0.1312 0 0 0.2586 0.2351 
0.1928 0.02349 0.1039 0.1308 0 0 0.2582 0.2347 
0.193 0.02345 0.1038 0.1304 0 0 0.2577 0.2342 
0.1932 0.0234 0.1038 0.13 0 0 0.2572 0.2338 
0.1934 0.02336 0.1038 0.1296 0 0 0.2567 0.2334 
0.1936 0.02331 0.1038 0.1292 0 0 0.2563 0.233 
0.1938 0.02327 0.1037 0.1288 0 0 0.2558 0.2326 
0.194 0.02322 0.1037 0.1284 0 0 0.2554 0.2321 
0.1942 0.02318 0.1037 0.128 0 0 0.2549 0.2317 
0.1944 0.02313 0.1037 0.1277 0 0 0.2544 0.2313 
0.1946 0.02309 0.1036 0.1273 0 0 0.254 0.2309 
0.1948 0.02304 0.1036 0.1269 0 0 0.2535 0.2305 
0.195 0.023 0.1036 0.1265 0 0 0.2531 0.2301 
0.1952 0.02295 0.1035 0.1261 0 0 0.2526 0.2297 
0.1954 0.02291 0.1035 0.1258 0 0 0.2522 0.2293 
0.1956 0.02287 0.1035 0.1254 0 0 0.2517 0.2289 
0.1958 0.02282 0.1035 0.125 0 0 0.2513 0.2285 
0.196 0.02278 0.1034 0.1246 0 0 0.2509 0.2281 
0.1962 0.02274 0.1034 0.1243 0 0 0.2504 0.2277 
0.1964 0.02269 0.1034 0.1239 0 0 0.25 0.2273 
0.1966 0.02265 0.1033 0.1235 0 0 0.2495 0.2269 
0.1968 0.02261 0.1033 0.1232 0 0 0.2491 0.2265 
0.197 0.02256 0.1033 0.1228 0 0 0.2487 0.2261 
0.1972 0.02252 0.1033 0.1224 0 0 0.2482 0.2257 
0.1974 0.02248 0.1032 0.1221 0 0 0.2478 0.2253 
0.1976 0.02243 0.1032 0.1217 0 0 0.2474 0.2249 
0.1978 0.02239 0.1032 0.1214 0 0 0.2469 0.2245 
0.198 0.02235 0.1032 0.121 0 0 0.2465 0.2242 
0.1982 0.02231 0.1031 0.1206 0 0 0.2461 0.2238 
0.1984 0.02227 0.1031 0.1203 0 0 0.2457 0.2234 
0.1986 0.02222 0.1031 0.1199 0 0 0.2452 0.223 
0.1988 0.02218 0.103 0.1196 0 0 0.2448 0.2226 
0.199 0.02214 0.103 0.1192 0 0 0.2444 0.2223 
0.1992 0.0221 0.103 0.1189 0 0 0.244 0.2219 
0.1994 0.02206 0.103 0.1185 0 0 0.2436 0.2215 
0.1996 0.02201 0.1029 0.1182 0 0 0.2431 0.2211 
0.1998 0.02197 0.1029 0.1178 0 0 0.2427 0.2208 
