0.001 2.528 0.01317 1567 0 0 1570 1567 
0.0012 2.429 0.0174 965.2 0 0 967.7 965.3 
0.0014 2.334 0.02178 640.6 0 0 643 640.7 
0.0016 2.236 0.02603 447.7 0 0 450 447.7 
0.0018 2.139 0.03005 325.4 0 0 327.5 325.4 
0.002 2.048 0.03388 2775 0 0 2777 2775 
0.0022 1.962 0.03747 2270 0 0 2272 2270 
0.0024 1.881 0.04081 1825 0 0 1827 1825 
0.0026 1.805 0.04394 1465 0 0 1467 1465 
0.0028 1.734 0.04687 1187 0 0 1189 1187 
0.003 1.669 0.04962 976.7 0 0 978.4 976.7 
0.0032 1.608 0.0522 818.1 0 0 819.8 818.2 
0.0034 1.552 0.05465 695.3 0 0 696.9 695.4 
0.0036 1.499 0.05698 597.5 0 0 599 597.5 
0.0038 1.45 0.05921 517.7 0 0 519.2 517.8 
0.004 1.404 0.06135 451.4 0 0 452.8 451.4 
0.0042 1.361 0.06341 395.4 0 0 396.9 395.5 
0.0044 1.32 0.06541 348 0 0 349.4 348.1 
0.0046 1.281 0.06736 307.7 0 0 309.1 307.8 
0.0048 1.244 0.06925 273.3 0 0 274.6 273.4 
0.005 1.208 0.0711 243.8 0 0 245.1 243.9 
0.0052 1.174 0.07292 218.4 0 0 219.6 218.5 
0.0054 1.142 0.07469 196.4 0 0 197.6 196.5 
0.0056 1.111 0.07644 177.3 0 0 178.5 177.4 
0.0058 1.08 0.07815 160.6 0 0 161.7 160.6 
0.006 1.051 0.07983 145.8 0 0 147 145.9 
0.0062 1.023 0.08148 132.9 0 0 134 133 
0.0064 0.9954 0.0831 121.4 0 0 122.5 121.5 
0.0066 0.9688 0.0847 111.2 0 0 112.2 111.2 
0.0068 0.943 0.08626 102 0 0 103.1 102.1 
0.007 0.918 0.0878 93.88 0 0 94.88 93.97 
0.0072 0.8938 0.08931 86.56 0 0 87.54 86.65 
0.0074 0.8703 0.09079 79.98 0 0 80.94 80.07 
0.0076 0.8475 0.09225 74.03 0 0 74.97 74.13 
0.0078 0.8253 0.09367 68.66 0 0 69.58 68.76 
0.008 0.8039 0.09507 63.79 0 0 64.69 63.89 
0.0082 0.783 0.09645 59.36 0 0 60.24 59.46 
0.0084 0.7628 0.0978 55.33 0 0 56.19 55.43 
0.0086 0.7432 0.09912 51.66 0 0 52.5 51.75 
0.0088 0.7243 0.1004 48.29 0 0 49.12 48.39 
0.009 0.7059 0.1017 45.21 0 0 46.02 45.31 
0.0092 0.688 0.1029 42.39 0 0 43.18 42.49 
0.0094 0.6708 0.1041 39.79 0 0 40.56 39.89 
0.0096 0.6541 0.1053 37.39 0 0 38.15 37.5 
0.0098 0.6379 0.1065 35.19 0 0 35.93 35.29 
0.01 0.6223 0.1076 33.15 0 0 33.88 33.26 
0.0102 0.6071 0.1088 31.26 0 0 31.98 31.37 
0.0104 0.5924 0.1098 29.52 0 0 30.22 29.63 
0.0106 0.5782 0.1109 27.9 0 0 28.59 28.01 
0.0108 0.5645 0.1119 26.39 0 0 27.07 26.5 
0.011 0.5512 0.113 24.99 0 0 25.65 25.1 
0.0112 0.5383 0.114 23.69 0 0 24.34 23.8 
0.0114 0.5259 0.1149 22.47 0 0 23.11 22.58 
0.0116 0.5138 0.1159 21.33 0 0 21.96 21.45 
0.0118 0.5021 0.1168 20.27 0 0 20.89 20.39 
0.012 0.4908 0.1177 19.28 0 0 19.89 19.4 
0.0122 0.4799 0.1186 18.35 0 0 18.95 18.47 
0.0124 0.4693 0.1194 17.48 0 0 18.07 17.6 
0.0126 0.4591 0.1203 16.66 0 0 17.24 16.78 
0.0128 0.4492 0.1211 15.89 0 0 16.46 16.01 
0.013 0.4396 0.1219 15.17 0 0 15.73 15.29 
0.0132 0.4303 0.1227 14.49 0 0 15.04 14.61 
0.0134 0.4213 0.1234 13.85 0 0 14.39 13.97 
0.0136 0.4126 0.1242 13.24 0 0 13.78 13.37 
0.0138 0.4041 0.1249 12.67 0 0 13.2 12.8 
0.014 0.3959 0.1256 12.13 0 0 12.66 12.26 
0.0142 0.388 0.1263 11.62 0 0 12.14 11.75 
0.0144 0.3803 0.127 11.14 0 0 11.65 11.27 
0.0146 0.3728 0.1276 10.69 0 0 11.19 10.82 
0.0148 0.3655 0.1282 10.26 0 0 10.75 10.39 
0.015 0.3585 0.1289 9.848 0 0 10.34 9.977 
0.0152 0.3517 0.1295 9.461 0 0 9.942 9.59 
0.0154 0.3451 0.1301 9.093 0 0 9.568 9.223 
0.0156 0.3386 0.1306 8.743 0 0 9.213 8.874 
0.0158 0.3324 0.1312 8.411 0 0 8.875 8.542 
0.016 0.3263 0.1317 8.096 0 0 8.554 8.227 
0.0162 0.3204 0.1323 7.795 0 0 8.248 7.927 
0.0164 0.3147 0.1328 7.509 0 0 7.957 7.642 
0.0166 0.3092 0.1333 7.237 0 0 7.679 7.37 
0.0168 0.3037 0.1338 6.977 0 0 7.415 7.111 
0.017 0.2985 0.1343 6.73 0 0 7.162 6.864 
0.0172 0.2934 0.1347 6.494 0 0 6.922 6.628 
0.0174 0.2884 0.1352 6.268 0 0 6.692 6.403 
0.0176 0.2835 0.1356 6.053 0 0 6.472 6.189 
0.0178 0.2788 0.1361 5.847 0 0 6.262 5.983 
0.018 0.2742 0.1365 5.651 0 0 6.061 5.787 
0.0182 0.2697 0.1369 5.463 0 0 5.869 5.599 
0.0184 0.2654 0.1373 5.283 0 0 5.685 5.42 
0.0186 0.2611 0.1377 5.11 0 0 5.509 5.248 
0.0188 0.257 0.1381 4.945 0 0 5.34 5.083 
0.019 0.2529 0.1384 4.787 0 0 5.179 4.926 
0.0192 0.249 0.1388 4.636 0 0 5.024 4.775 
0.0194 0.2451 0.1392 4.491 0 0 4.875 4.63 
0.0196 0.2414 0.1395 4.351 0 0 4.732 4.491 
0.0198 0.2377 0.1399 4.217 0 0 4.595 4.357 
0.02 0.2341 0.1402 4.089 0 0 4.463 4.229 
0.0202 0.2307 0.1405 3.966 0 0 4.337 4.106 
0.0204 0.2273 0.1408 3.847 0 0 4.215 3.988 
0.0206 0.2239 0.1411 3.733 0 0 4.098 3.874 
0.0208 0.2207 0.1414 3.624 0 0 3.986 3.765 
0.021 0.2175 0.1417 3.518 0 0 3.878 3.66 
0.0212 0.2144 0.142 3.417 0 0 3.773 3.559 
0.0214 0.2114 0.1423 3.319 0 0 3.673 3.462 
0.0216 0.2084 0.1426 3.225 0 0 3.576 3.368 
0.0218 0.2055 0.1429 3.135 0 0 3.483 3.278 
0.022 0.2027 0.1431 3.048 0 0 3.393 3.191 
0.0222 0.1999 0.1434 2.963 0 0 3.307 3.107 
0.0224 0.1972 0.1436 2.882 0 0 3.223 3.026 
0.0226 0.1946 0.1439 2.804 0 0 3.143 2.948 
0.0228 0.192 0.1441 2.729 0 0 3.065 2.873 
0.023 0.1894 0.1444 2.656 0 0 2.99 2.8 
0.0232 0.1869 0.1446 2.586 0 0 2.917 2.73 
0.0234 0.1845 0.1448 2.518 0 0 2.847 2.663 
0.0236 0.1821 0.1451 2.452 0 0 2.779 2.597 
0.0238 0.1798 0.1453 2.389 0 0 2.714 2.534 
0.024 0.1775 0.1455 2.328 0 0 2.651 2.473 
0.0242 0.1752 0.1457 2.269 0 0 2.589 2.414 
0.0244 0.173 0.1459 2.211 0 0 2.53 2.357 
0.0246 0.1709 0.1461 2.156 0 0 2.473 2.302 
0.0248 0.1688 0.1463 2.102 0 0 2.417 2.249 
0.025 0.1667 0.1465 2.051 0 0 2.364 2.197 
0.0252 0.1647 0.1467 2 0 0 2.312 2.147 
0.0254 0.1627 0.1469 1.952 0 0 2.261 2.099 
0.0256 0.1607 0.147 1.905 0 0 2.212 2.052 
0.0258 0.1588 0.1472 1.859 0 0 2.165 2.006 
0.026 0.1569 0.1474 1.815 0 0 2.119 1.962 
0.0262 0.1551 0.1475 1.772 0 0 2.075 1.92 
0.0264 0.1532 0.1477 1.731 0 0 2.032 1.878 
0.0266 0.1514 0.1479 1.69 0 0 1.99 1.838 
0.0268 0.1497 0.148 1.651 0 0 1.949 1.799 
0.027 0.148 0.1482 1.614 0 0 1.91 1.762 
0.0272 0.1463 0.1483 1.577 0 0 1.871 1.725 
0.0274 0.1446 0.1485 1.541 0 0 1.834 1.69 
0.0276 0.143 0.1486 1.507 0 0 1.798 1.655 
0.0278 0.1414 0.1488 1.473 0 0 1.763 1.622 
0.028 0.1398 0.1489 1.44 0 0 1.729 1.589 
0.0282 0.1383 0.149 1.409 0 0 1.696 1.558 
0.0284 0.1368 0.1492 1.378 0 0 1.664 1.527 
0.0286 0.1353 0.1493 1.348 0 0 1.633 1.497 
0.0288 0.1338 0.1494 1.319 0 0 1.602 1.468 
0.029 0.1324 0.1496 1.291 0 0 1.573 1.44 
0.0292 0.1309 0.1497 1.263 0 0 1.544 1.413 
0.0294 0.1295 0.1498 1.237 0 0 1.516 1.386 
0.0296 0.1282 0.1499 1.211 0 0 1.489 1.36 
0.0298 0.1268 0.15 1.185 0 0 1.462 1.335 
0.03 0.1255 0.1501 1.161 0 0 1.436 1.311 
0.0302 0.1242 0.1502 1.137 0 0 1.411 1.287 
0.0304 0.1229 0.1504 1.113 0 0 1.387 1.264 
0.0306 0.1216 0.1505 1.091 0 0 1.363 1.241 
0.0308 0.1204 0.1506 1.069 0 0 1.34 1.219 
0.031 0.1191 0.1507 1.047 0 0 1.317 1.198 
0.0312 0.1179 0.1508 1.026 0 0 1.295 1.177 
0.0314 0.1167 0.1509 1.006 0 0 1.274 1.157 
0.0316 0.1156 0.151 0.986 0 0 1.253 1.137 
0.0318 0.1144 0.151 0.9667 0 0 1.232 1.118 
0.032 0.1133 0.1511 0.9478 0 0 1.212 1.099 
0.0322 0.1122 0.1512 0.9294 0 0 1.193 1.081 
0.0324 0.1111 0.1513 0.9115 0 0 1.174 1.063 
0.0326 0.11 0.1514 0.8941 0 0 1.155 1.045 
0.0328 0.1089 0.1515 0.877 0 0 1.137 1.029 
0.033 0.1079 0.1516 0.8604 0 0 1.12 1.012 
0.0332 0.1068 0.1516 0.8442 0 0 1.103 0.9958 
0.0334 0.1058 0.1517 0.8284 0 0 1.086 0.9801 
0.0336 0.1048 0.1518 0.813 0 0 1.07 0.9648 
0.0338 0.1038 0.1519 0.7979 0 0 1.054 0.9498 
0.034 0.1028 0.1519 0.7832 0 0 1.038 0.9352 
0.0342 0.1019 0.152 0.7689 0 0 1.023 0.9209 
0.0344 0.1009 0.1521 0.7549 0 0 1.008 0.907 
0.0346 0.09997 0.1521 0.7412 0 0 0.9933 0.8934 
0.0348 0.09904 0.1522 0.7279 0 0 0.9791 0.8801 
0.035 0.09813 0.1523 0.7148 0 0 0.9652 0.8671 
0.0352 0.09723 0.1523 0.7021 0 0 0.9517 0.8544 
0.0354 0.09634 0.1524 0.6897 0 0 0.9384 0.8421 
0.0356 0.09547 0.1525 0.6775 0 0 0.9254 0.83 
0.0358 0.0946 0.1525 0.6656 0 0 0.9128 0.8181 
0.036 0.09375 0.1526 0.654 0 0 0.9004 0.8066 
0.0362 0.09291 0.1526 0.6427 0 0 0.8882 0.7953 
0.0364 0.09208 0.1527 0.6316 0 0 0.8764 0.7843 
0.0366 0.09127 0.1527 0.6208 0 0 0.8648 0.7735 
0.0368 0.09046 0.1528 0.6102 0 0 0.8534 0.763 
0.037 0.08966 0.1528 0.5998 0 0 0.8423 0.7526 
0.0372 0.08888 0.1529 0.5897 0 0 0.8314 0.7426 
0.0374 0.0881 0.1529 0.5798 0 0 0.8208 0.7327 
0.0376 0.08733 0.153 0.5701 0 0 0.8104 0.7231 
0.0378 0.08658 0.153 0.5606 0 0 0.8002 0.7136 
0.038 0.08583 0.1531 0.5513 0 0 0.7902 0.7044 
0.0382 0.0851 0.1531 0.5422 0 0 0.7804 0.6954 
0.0384 0.08437 0.1531 0.5334 0 0 0.7709 0.6865 
0.0386 0.08365 0.1532 0.5247 0 0 0.7615 0.6779 
0.0388 0.08294 0.1532 0.5162 0 0 0.7523 0.6694 
0.039 0.08224 0.1533 0.5078 0 0 0.7433 0.6611 
0.0392 0.08155 0.1533 0.4997 0 0 0.7345 0.653 
0.0394 0.08086 0.1533 0.4917 0 0 0.7259 0.645 
0.0396 0.08019 0.1534 0.4839 0 0 0.7174 0.6372 
0.0398 0.07952 0.1534 0.4762 0 0 0.7091 0.6296 
0.04 0.07886 0.1534 0.4687 0 0 0.701 0.6221 
0.0402 0.07821 0.1534 0.4614 0 0 0.693 0.6148 
0.0404 0.07757 0.1535 0.4542 0 0 0.6852 0.6077 
0.0406 0.07694 0.1535 0.4471 0 0 0.6776 0.6006 
0.0408 0.07631 0.1535 0.4402 0 0 0.6701 0.5938 
0.041 0.07569 0.1536 0.4335 0 0 0.6627 0.587 
0.0412 0.07508 0.1536 0.4268 0 0 0.6555 0.5804 
0.0414 0.07447 0.1536 0.4203 0 0 0.6484 0.5739 
0.0416 0.07387 0.1536 0.414 0 0 0.6415 0.5676 
0.0418 0.07328 0.1536 0.4077 0 0 0.6346 0.5614 
0.042 0.0727 0.1537 0.4016 0 0 0.628 0.5553 
0.0422 0.07212 0.1537 0.3956 0 0 0.6214 0.5493 
0.0424 0.07155 0.1537 0.3897 0 0 0.6149 0.5434 
0.0426 0.07099 0.1537 0.3839 0 0 0.6086 0.5376 
0.0428 0.07043 0.1537 0.3783 0 0 0.6024 0.532 
0.043 0.06988 0.1538 0.3727 0 0 0.5963 0.5265 
0.0432 0.06933 0.1538 0.3673 0 0 0.5904 0.521 
0.0434 0.0688 0.1538 0.3619 0 0 0.5845 0.5157 
0.0436 0.06826 0.1538 0.3567 0 0 0.5787 0.5105 
0.0438 0.06774 0.1538 0.3515 0 0 0.5731 0.5053 
0.044 0.06722 0.1538 0.3465 0 0 0.5675 0.5003 
0.0442 0.0667 0.1538 0.3415 0 0 0.5621 0.4954 
0.0444 0.06619 0.1538 0.3367 0 0 0.5567 0.4905 
0.0446 0.06569 0.1538 0.3319 0 0 0.5514 0.4857 
0.0448 0.06519 0.1538 0.3272 0 0 0.5463 0.4811 
0.045 0.0647 0.1539 0.3226 0 0 0.5412 0.4765 
0.0452 0.06422 0.1539 0.3181 0 0 0.5362 0.472 
0.0454 0.06373 0.1539 0.3137 0 0 0.5313 0.4675 
0.0456 0.06326 0.1539 0.3093 0 0 0.5264 0.4632 
0.0458 0.06279 0.1539 0.305 0 0 0.5217 0.4589 
0.046 0.06232 0.1539 0.3009 0 0 0.517 0.4547 
0.0462 0.06186 0.1539 0.2967 0 0 0.5125 0.4506 
0.0464 0.06141 0.1539 0.2927 0 0 0.508 0.4466 
0.0466 0.06096 0.1539 0.2887 0 0 0.5035 0.4426 
0.0468 0.06051 0.1539 0.2848 0 0 0.4992 0.4387 
0.047 0.06007 0.1539 0.281 0 0 0.4949 0.4348 
0.0472 0.05963 0.1539 0.2772 0 0 0.4907 0.4311 
0.0474 0.0592 0.1539 0.2735 0 0 0.4866 0.4274 
0.0476 0.05878 0.1539 0.2698 0 0 0.4825 0.4237 
0.0478 0.05835 0.1539 0.2663 0 0 0.4785 0.4201 
0.048 0.05794 0.1539 0.2628 0 0 0.4746 0.4166 
0.0482 0.05752 0.1539 0.2593 0 0 0.4707 0.4132 
0.0484 0.05711 0.1539 0.2559 0 0 0.4669 0.4098 
0.0486 0.05671 0.1538 0.2526 0 0 0.4631 0.4064 
0.0488 0.05631 0.1538 0.2493 0 0 0.4594 0.4031 
0.049 0.05591 0.1538 0.2461 0 0 0.4558 0.3999 
0.0492 0.05552 0.1538 0.2429 0 0 0.4522 0.3967 
0.0494 0.05513 0.1538 0.2398 0 0 0.4487 0.3936 
0.0496 0.05475 0.1538 0.2367 0 0 0.4453 0.3905 
0.0498 0.05437 0.1538 0.2337 0 0 0.4418 0.3875 
0.05 0.05399 0.1538 0.2307 0 0 0.4385 0.3845 
0.0502 0.05362 0.1538 0.2278 0 0 0.4352 0.3816 
0.0504 0.05325 0.1538 0.2249 0 0 0.4319 0.3787 
0.0506 0.05289 0.1537 0.2221 0 0 0.4287 0.3759 
0.0508 0.05252 0.1537 0.2193 0 0 0.4256 0.3731 
0.051 0.05217 0.1537 0.2166 0 0 0.4225 0.3703 
0.0512 0.05181 0.1537 0.2139 0 0 0.4194 0.3676 
0.0514 0.05146 0.1537 0.2113 0 0 0.4164 0.365 
0.0516 0.05111 0.1537 0.2087 0 0 0.4135 0.3623 
0.0518 0.05077 0.1537 0.2061 0 0 0.4105 0.3598 
0.052 0.05043 0.1536 0.2036 0 0 0.4077 0.3572 
0.0522 0.05009 0.1536 0.2011 0 0 0.4048 0.3547 
0.0524 0.04976 0.1536 0.1987 0 0 0.402 0.3523 
0.0526 0.04943 0.1536 0.1963 0 0 0.3993 0.3499 
0.0528 0.0491 0.1536 0.1939 0 0 0.3966 0.3475 
0.053 0.04878 0.1536 0.1916 0 0 0.3939 0.3451 
0.0532 0.04846 0.1535 0.1893 0 0 0.3913 0.3428 
0.0534 0.04814 0.1535 0.187 0 0 0.3887 0.3405 
0.0536 0.04783 0.1535 0.1848 0 0 0.3861 0.3383 
0.0538 0.04752 0.1535 0.1826 0 0 0.3836 0.3361 
0.054 0.04721 0.1535 0.1805 0 0 0.3811 0.3339 
0.0542 0.0469 0.1534 0.1784 0 0 0.3787 0.3318 
0.0544 0.0466 0.1534 0.1763 0 0 0.3763 0.3297 
0.0546 0.0463 0.1534 0.1742 0 0 0.3739 0.3276 
0.0548 0.046 0.1534 0.1722 0 0 0.3716 0.3256 
0.055 0.04571 0.1533 0.1702 0 0 0.3692 0.3235 
0.0552 0.04542 0.1533 0.1682 0 0 0.367 0.3215 
0.0554 0.04513 0.1533 0.1663 0 0 0.3647 0.3196 
0.0556 0.04484 0.1533 0.1644 0 0 0.3625 0.3177 
0.0558 0.04456 0.1532 0.1625 0 0 0.3603 0.3158 
0.056 0.04428 0.1532 0.1607 0 0 0.3582 0.3139 
0.0562 0.044 0.1532 0.1588 0 0 0.356 0.312 
0.0564 0.04372 0.1532 0.1571 0 0 0.3539 0.3102 
0.0566 0.04345 0.1531 0.1553 0 0 0.3519 0.3084 
0.0568 0.04318 0.1531 0.1535 0 0 0.3498 0.3067 
0.057 0.04291 0.1531 0.1518 0 0 0.3478 0.3049 
0.0572 0.04265 0.1531 0.1501 0 0 0.3458 0.3032 
0.0574 0.04239 0.153 0.1485 0 0 0.3439 0.3015 
0.0576 0.04213 0.153 0.1468 0 0 0.3419 0.2998 
0.0578 0.04187 0.153 0.1452 0 0 0.34 0.2982 
0.058 0.04161 0.1529 0.1436 0 0 0.3382 0.2965 
0.0582 0.04136 0.1529 0.142 0 0 0.3363 0.2949 
0.0584 0.04111 0.1529 0.1405 0 0 0.3345 0.2934 
0.0586 0.04086 0.1528 0.139 0 0 0.3327 0.2918 
0.0588 0.04061 0.1528 0.1375 0 0 0.3309 0.2903 
0.059 0.04037 0.1528 0.136 0 0 0.3291 0.2888 
0.0592 0.04012 0.1528 0.1345 0 0 0.3274 0.2873 
0.0594 0.03988 0.1527 0.1331 0 0 0.3257 0.2858 
0.0596 0.03964 0.1527 0.1316 0 0 0.324 0.2843 
0.0598 0.03941 0.1527 0.1302 0 0 0.3223 0.2829 
0.06 0.03917 0.1526 0.1288 0 0 0.3206 0.2815 
0.0602 0.03894 0.1526 0.1275 0 0 0.319 0.2801 
0.0604 0.03871 0.1526 0.1261 0 0 0.3174 0.2787 
0.0606 0.03849 0.1525 0.1248 0 0 0.3158 0.2773 
0.0608 0.03826 0.1525 0.1235 0 0 0.3142 0.276 
0.061 0.03804 0.1525 0.1222 0 0 0.3127 0.2747 
0.0612 0.03781 0.1524 0.1209 0 0 0.3112 0.2734 
0.0614 0.03759 0.1524 0.1197 0 0 0.3097 0.2721 
0.0616 0.03737 0.1524 0.1184 0 0 0.3082 0.2708 
0.0618 0.03716 0.1523 0.1172 0 0 0.3067 0.2695 
0.062 0.03694 0.1523 0.116 0 0 0.3052 0.2683 
0.0622 0.03673 0.1522 0.1148 0 0 0.3038 0.2671 
0.0624 0.03652 0.1522 0.1136 0 0 0.3024 0.2659 
0.0626 0.03631 0.1522 0.1125 0 0 0.301 0.2647 
0.0628 0.0361 0.1521 0.1113 0 0 0.2996 0.2635 
0.063 0.0359 0.1521 0.1102 0 0 0.2982 0.2623 
0.0632 0.03569 0.1521 0.1091 0 0 0.2969 0.2612 
0.0634 0.03549 0.152 0.108 0 0 0.2955 0.26 
0.0636 0.03529 0.152 0.1069 0 0 0.2942 0.2589 
0.0638 0.03509 0.152 0.1058 0 0 0.2929 0.2578 
0.064 0.0349 0.1519 0.1048 0 0 0.2916 0.2567 
0.0642 0.0347 0.1519 0.1037 0 0 0.2903 0.2556 
0.0644 0.03451 0.1518 0.1027 0 0 0.2891 0.2546 
0.0646 0.03432 0.1518 0.1017 0 0 0.2878 0.2535 
0.0648 0.03412 0.1518 0.1007 0 0 0.2866 0.2525 
0.065 0.03394 0.1517 0.09971 0 0 0.2854 0.2514 
0.0652 0.03375 0.1517 0.09873 0 0 0.2842 0.2504 
0.0654 0.03356 0.1516 0.09776 0 0 0.283 0.2494 
0.0656 0.03338 0.1516 0.09681 0 0 0.2818 0.2484 
0.0658 0.03319 0.1516 0.09587 0 0 0.2806 0.2474 
0.066 0.03301 0.1515 0.09494 0 0 0.2795 0.2465 
0.0662 0.03283 0.1515 0.09403 0 0 0.2783 0.2455 
0.0664 0.03265 0.1514 0.09312 0 0 0.2772 0.2446 
0.0666 0.03248 0.1514 0.09223 0 0 0.2761 0.2436 
0.0668 0.0323 0.1514 0.09135 0 0 0.275 0.2427 
0.067 0.03213 0.1513 0.09048 0 0 0.2739 0.2418 
0.0672 0.03196 0.1513 0.08962 0 0 0.2729 0.2409 
0.0674 0.03178 0.1512 0.08877 0 0 0.2718 0.24 
0.0676 0.03161 0.1512 0.08793 0 0 0.2707 0.2391 
0.0678 0.03145 0.1512 0.0871 0 0 0.2697 0.2383 
0.068 0.03128 0.1511 0.08628 0 0 0.2687 0.2374 
0.0682 0.03111 0.1511 0.08547 0 0 0.2677 0.2365 
0.0684 0.03095 0.151 0.08467 0 0 0.2666 0.2357 
0.0686 0.03078 0.151 0.08388 0 0 0.2657 0.2349 
0.0688 0.03062 0.1509 0.0831 0 0 0.2647 0.234 
0.069 0.03046 0.1509 0.08233 0 0 0.2637 0.2332 
0.0692 0.0303 0.1509 0.08157 0 0 0.2627 0.2324 
0.0694 0.03014 0.1508 0.08082 0 0 0.2618 0.2316 
0.0696 0.02999 0.1508 0.08008 0 0 0.2608 0.2308 
0.0698 0.02983 0.1507 0.07934 0 0 0.2599 0.2301 
0.07 0.02967 0.1507 0.07862 0 0 0.259 0.2293 
0.0702 0.02952 0.1506 0.0779 0 0 0.2581 0.2285 
0.0704 0.02937 0.1506 0.07719 0 0 0.2572 0.2278 
0.0706 0.02922 0.1506 0.07649 0 0 0.2563 0.227 
0.0708 0.02907 0.1505 0.0758 0 0 0.2554 0.2263 
0.071 0.02892 0.1505 0.07512 0 0 0.2545 0.2256 
0.0712 0.02877 0.1504 0.07444 0 0 0.2536 0.2249 
0.0714 0.02862 0.1504 0.07378 0 0 0.2528 0.2242 
0.0716 0.02848 0.1503 0.07312 0 0 0.2519 0.2234 
0.0718 0.02833 0.1503 0.07247 0 0 0.2511 0.2228 
0.072 0.02819 0.1502 0.07182 0 0 0.2503 0.2221 
0.0722 0.02805 0.1502 0.07119 0 0 0.2494 0.2214 
0.0724 0.02791 0.1501 0.07056 0 0 0.2486 0.2207 
0.0726 0.02777 0.1501 0.06993 0 0 0.2478 0.22 
0.0728 0.02763 0.1501 0.06932 0 0 0.247 0.2194 
0.073 0.02749 0.15 0.06871 0 0 0.2462 0.2187 
0.0732 0.02735 0.15 0.06811 0 0 0.2454 0.2181 
0.0734 0.02722 0.1499 0.06752 0 0 0.2447 0.2174 
0.0736 0.02708 0.1499 0.06693 0 0 0.2439 0.2168 
0.0738 0.02695 0.1498 0.06635 0 0 0.2431 0.2162 
0.074 0.02682 0.1498 0.06578 0 0 0.2424 0.2156 
0.0742 0.02668 0.1497 0.06521 0 0 0.2416 0.2149 
0.0744 0.02655 0.1497 0.06465 0 0 0.2409 0.2143 
0.0746 0.02642 0.1496 0.06409 0 0 0.2402 0.2137 
0.0748 0.02629 0.1496 0.06354 0 0 0.2394 0.2131 
0.075 0.02617 0.1495 0.063 0 0 0.2387 0.2125 
0.0752 0.02604 0.1495 0.06246 0 0 0.238 0.212 
0.0754 0.02591 0.1495 0.06193 0 0 0.2373 0.2114 
0.0756 0.02579 0.1494 0.06141 0 0 0.2366 0.2108 
0.0758 0.02566 0.1494 0.06089 0 0 0.2359 0.2102 
0.076 0.02554 0.1493 0.06038 0 0 0.2352 0.2097 
0.0762 0.02542 0.1493 0.05987 0 0 0.2345 0.2091 
0.0764 0.02529 0.1492 0.05937 0 0 0.2339 0.2086 
0.0766 0.02517 0.1492 0.05887 0 0 0.2332 0.208 
0.0768 0.02505 0.1491 0.05838 0 0 0.2326 0.2075 
0.077 0.02493 0.1491 0.05789 0 0 0.2319 0.207 
0.0772 0.02482 0.149 0.05741 0 0 0.2312 0.2064 
0.0774 0.0247 0.149 0.05694 0 0 0.2306 0.2059 
0.0776 0.02458 0.1489 0.05647 0 0 0.23 0.2054 
0.0778 0.02447 0.1489 0.056 0 0 0.2293 0.2049 
0.078 0.02435 0.1488 0.05554 0 0 0.2287 0.2044 
0.0782 0.02424 0.1488 0.05509 0 0 0.2281 0.2039 
0.0784 0.02412 0.1487 0.05464 0 0 0.2275 0.2034 
0.0786 0.02401 0.1487 0.05419 0 0 0.2269 0.2029 
0.0788 0.0239 0.1486 0.05375 0 0 0.2263 0.2024 
0.079 0.02379 0.1486 0.05332 0 0 0.2257 0.2019 
0.0792 0.02368 0.1485 0.05288 0 0 0.2251 0.2014 
0.0794 0.02357 0.1485 0.05246 0 0 0.2245 0.2009 
0.0796 0.02346 0.1484 0.05204 0 0 0.2239 0.2005 
0.0798 0.02335 0.1484 0.05162 0 0 0.2234 0.2 
0.08 0.02324 0.1483 0.0512 0 0 0.2228 0.1995 
0.0802 0.02314 0.1483 0.05079 0 0 0.2222 0.1991 
0.0804 0.02303 0.1482 0.05039 0 0 0.2217 0.1986 
0.0806 0.02293 0.1482 0.04999 0 0 0.2211 0.1982 
0.0808 0.02282 0.1481 0.04959 0 0 0.2206 0.1977 
0.081 0.02272 0.1481 0.0492 0 0 0.22 0.1973 
0.0812 0.02262 0.148 0.04881 0 0 0.2195 0.1969 
0.0814 0.02251 0.148 0.04843 0 0 0.2189 0.1964 
0.0816 0.02241 0.1479 0.04805 0 0 0.2184 0.196 
0.0818 0.02231 0.1479 0.04767 0 0 0.2179 0.1956 
0.082 0.02221 0.1478 0.0473 0 0 0.2173 0.1951 
0.0822 0.02211 0.1478 0.04693 0 0 0.2168 0.1947 
0.0824 0.02201 0.1477 0.04656 0 0 0.2163 0.1943 
0.0826 0.02191 0.1477 0.0462 0 0 0.2158 0.1939 
0.0828 0.02182 0.1476 0.04584 0 0 0.2153 0.1935 
0.083 0.02172 0.1476 0.04549 0 0 0.2148 0.1931 
0.0832 0.02162 0.1475 0.04514 0 0 0.2143 0.1927 
0.0834 0.02153 0.1475 0.04479 0 0 0.2138 0.1923 
0.0836 0.02143 0.1474 0.04445 0 0 0.2133 0.1919 
0.0838 0.02134 0.1474 0.04411 0 0 0.2128 0.1915 
0.084 0.02124 0.1473 0.04377 0 0 0.2124 0.1911 
0.0842 0.02115 0.1473 0.04344 0 0 0.2119 0.1907 
0.0844 0.02106 0.1472 0.04311 0 0 0.2114 0.1903 
0.0846 0.02097 0.1472 0.04278 0 0 0.2109 0.19 
0.0848 0.02088 0.1471 0.04246 0 0 0.2105 0.1896 
0.085 0.02079 0.1471 0.04214 0 0 0.21 0.1892 
0.0852 0.0207 0.147 0.04182 0 0 0.2095 0.1888 
0.0854 0.02061 0.147 0.0415 0 0 0.2091 0.1885 
0.0856 0.02052 0.1469 0.04119 0 0 0.2086 0.1881 
0.0858 0.02043 0.1469 0.04089 0 0 0.2082 0.1878 
0.086 0.02034 0.1468 0.04058 0 0 0.2077 0.1874 
0.0862 0.02025 0.1468 0.04028 0 0 0.2073 0.1871 
0.0864 0.02017 0.1467 0.03998 0 0 0.2069 0.1867 
0.0866 0.02008 0.1467 0.03968 0 0 0.2064 0.1864 
0.0868 0.02 0.1466 0.03939 0 0 0.206 0.186 
0.087 0.01991 0.1466 0.0391 0 0 0.2056 0.1857 
0.0872 0.01983 0.1465 0.03881 0 0 0.2052 0.1853 
0.0874 0.01974 0.1465 0.03853 0 0 0.2047 0.185 
0.0876 0.01966 0.1464 0.03824 0 0 0.2043 0.1847 
0.0878 0.01958 0.1464 0.03796 0 0 0.2039 0.1843 
0.088 0.01949 0.1463 0.03769 0 0 0.2035 0.184 
0.0882 0.01941 0.1463 0.03741 0 0 0.2031 0.1837 
0.0884 0.01933 0.1462 0.03714 0 0 0.2027 0.1834 
0.0886 0.01925 0.1462 0.03687 0 0 0.2023 0.183 
0.0888 0.01917 0.1461 0.03661 0 0 0.2019 0.1827 
0.089 0.01909 0.1461 0.03634 0 0 0.2015 0.1824 
0.0892 0.01901 0.146 0.03608 0 0 0.2011 0.1821 
0.0894 0.01893 0.146 0.03582 0 0 0.2007 0.1818 
0.0896 0.01885 0.1459 0.03557 0 0 0.2003 0.1815 
0.0898 0.01878 0.1458 0.03531 0 0 0.1999 0.1812 
0.09 0.0187 0.1458 0.03506 0 0 0.1996 0.1809 
0.0902 0.01862 0.1457 0.03481 0 0 0.1992 0.1806 
0.0904 0.01855 0.1457 0.03456 0 0 0.1988 0.1803 
0.0906 0.01847 0.1456 0.03432 0 0 0.1984 0.18 
0.0908 0.01839 0.1456 0.03408 0 0 0.1981 0.1797 
0.091 0.01832 0.1455 0.03383 0 0 0.1977 0.1794 
0.0912 0.01824 0.1455 0.0336 0 0 0.1973 0.1791 
0.0914 0.01817 0.1454 0.03336 0 0 0.197 0.1788 
0.0916 0.0181 0.1454 0.03313 0 0 0.1966 0.1785 
0.0918 0.01802 0.1453 0.0329 0 0 0.1962 0.1782 
0.092 0.01795 0.1453 0.03267 0 0 0.1959 0.1779 
0.0922 0.01788 0.1452 0.03244 0 0 0.1955 0.1777 
0.0924 0.01781 0.1452 0.03221 0 0 0.1952 0.1774 
0.0926 0.01774 0.1451 0.03199 0 0 0.1948 0.1771 
0.0928 0.01766 0.1451 0.03177 0 0 0.1945 0.1768 
0.093 0.01759 0.145 0.03155 0 0 0.1942 0.1766 
0.0932 0.01752 0.145 0.03133 0 0 0.1938 0.1763 
0.0934 0.01745 0.1449 0.03112 0 0 0.1935 0.176 
0.0936 0.01738 0.1449 0.0309 0 0 0.1931 0.1758 
0.0938 0.01732 0.1448 0.03069 0 0 0.1928 0.1755 
0.094 0.01725 0.1448 0.03048 0 0 0.1925 0.1752 
0.0942 0.01718 0.1447 0.03027 0 0 0.1922 0.175 
0.0944 0.01711 0.1447 0.03007 0 0 0.1918 0.1747 
0.0946 0.01704 0.1446 0.02986 0 0 0.1915 0.1745 
0.0948 0.01698 0.1445 0.02966 0 0 0.1912 0.1742 
0.095 0.01691 0.1445 0.02946 0 0 0.1909 0.174 
0.0952 0.01684 0.1444 0.02926 0 0 0.1906 0.1737 
0.0954 0.01678 0.1444 0.02907 0 0 0.1902 0.1735 
0.0956 0.01671 0.1443 0.02887 0 0 0.1899 0.1732 
0.0958 0.01665 0.1443 0.02868 0 0 0.1896 0.173 
0.096 0.01658 0.1442 0.02849 0 0 0.1893 0.1727 
0.0962 0.01652 0.1442 0.0283 0 0 0.189 0.1725 
0.0964 0.01646 0.1441 0.02811 0 0 0.1887 0.1722 
0.0966 0.01639 0.1441 0.02792 0 0 0.1884 0.172 
0.0968 0.01633 0.144 0.02774 0 0 0.1881 0.1718 
0.097 0.01627 0.144 0.02755 0 0 0.1878 0.1715 
0.0972 0.0162 0.1439 0.02737 0 0 0.1875 0.1713 
0.0974 0.01614 0.1439 0.02719 0 0 0.1872 0.1711 
0.0976 0.01608 0.1438 0.02701 0 0 0.1869 0.1708 
0.0978 0.01602 0.1438 0.02683 0 0 0.1866 0.1706 
0.098 0.01596 0.1437 0.02666 0 0 0.1863 0.1704 
0.0982 0.0159 0.1437 0.02648 0 0 0.186 0.1701 
0.0984 0.01584 0.1436 0.02631 0 0 0.1858 0.1699 
0.0986 0.01578 0.1436 0.02614 0 0 0.1855 0.1697 
0.0988 0.01572 0.1435 0.02597 0 0 0.1852 0.1695 
0.099 0.01566 0.1435 0.0258 0 0 0.1849 0.1693 
0.0992 0.0156 0.1434 0.02563 0 0 0.1846 0.169 
0.0994 0.01554 0.1433 0.02547 0 0 0.1844 0.1688 
0.0996 0.01548 0.1433 0.0253 0 0 0.1841 0.1686 
0.0998 0.01543 0.1432 0.02514 0 0 0.1838 0.1684 
0.1 0.01537 0.1432 0.02498 0 0 0.1835 0.1682 
0.1002 0.01531 0.1431 0.02482 0 0 0.1833 0.168 
0.1004 0.01525 0.1431 0.02466 0 0 0.183 0.1677 
0.1006 0.0152 0.143 0.0245 0 0 0.1827 0.1675 
0.1008 0.01514 0.143 0.02435 0 0 0.1825 0.1673 
0.101 0.01508 0.1429 0.02419 0 0 0.1822 0.1671 
0.1012 0.01503 0.1429 0.02404 0 0 0.1819 0.1669 
0.1014 0.01497 0.1428 0.02389 0 0 0.1817 0.1667 
0.1016 0.01492 0.1428 0.02374 0 0 0.1814 0.1665 
0.1018 0.01486 0.1427 0.02359 0 0 0.1812 0.1663 
0.102 0.01481 0.1427 0.02344 0 0 0.1809 0.1661 
0.1022 0.01475 0.1426 0.02329 0 0 0.1807 0.1659 
0.1024 0.0147 0.1426 0.02315 0 0 0.1804 0.1657 
0.1026 0.01465 0.1425 0.023 0 0 0.1802 0.1655 
0.1028 0.01459 0.1425 0.02286 0 0 0.1799 0.1653 
0.103 0.01454 0.1424 0.02271 0 0 0.1797 0.1651 
0.1032 0.01449 0.1424 0.02257 0 0 0.1794 0.1649 
0.1034 0.01444 0.1423 0.02243 0 0 0.1792 0.1647 
0.1036 0.01438 0.1423 0.02229 0 0 0.1789 0.1645 
0.1038 0.01433 0.1422 0.02216 0 0 0.1787 0.1644 
0.104 0.01428 0.1421 0.02202 0 0 0.1784 0.1642 
0.1042 0.01423 0.1421 0.02188 0 0 0.1782 0.164 
0.1044 0.01418 0.142 0.02175 0 0 0.178 0.1638 
0.1046 0.01413 0.142 0.02162 0 0 0.1777 0.1636 
0.1048 0.01408 0.1419 0.02148 0 0 0.1775 0.1634 
0.105 0.01403 0.1419 0.02135 0 0 0.1773 0.1632 
0.1052 0.01398 0.1418 0.02122 0 0 0.177 0.1631 
0.1054 0.01393 0.1418 0.02109 0 0 0.1768 0.1629 
0.1056 0.01388 0.1417 0.02096 0 0 0.1766 0.1627 
0.1058 0.01383 0.1417 0.02084 0 0 0.1763 0.1625 
0.106 0.01378 0.1416 0.02071 0 0 0.1761 0.1623 
0.1062 0.01373 0.1416 0.02059 0 0 0.1759 0.1622 
0.1064 0.01368 0.1415 0.02046 0 0 0.1757 0.162 
0.1066 0.01363 0.1415 0.02034 0 0 0.1754 0.1618 
0.1068 0.01359 0.1414 0.02022 0 0 0.1752 0.1616 
0.107 0.01354 0.1414 0.0201 0 0 0.175 0.1615 
0.1072 0.01349 0.1413 0.01998 0 0 0.1748 0.1613 
0.1074 0.01344 0.1413 0.01986 0 0 0.1746 0.1611 
0.1076 0.0134 0.1412 0.01974 0 0 0.1744 0.161 
0.1078 0.01335 0.1412 0.01962 0 0 0.1741 0.1608 
0.108 0.0133 0.1411 0.0195 0 0 0.1739 0.1606 
0.1082 0.01326 0.1411 0.01939 0 0 0.1737 0.1604 
0.1084 0.01321 0.141 0.01927 0 0 0.1735 0.1603 
0.1086 0.01316 0.141 0.01916 0 0 0.1733 0.1601 
0.1088 0.01312 0.1409 0.01905 0 0 0.1731 0.16 
0.109 0.01307 0.1409 0.01893 0 0 0.1729 0.1598 
0.1092 0.01303 0.1408 0.01882 0 0 0.1727 0.1596 
0.1094 0.01298 0.1408 0.01871 0 0 0.1724 0.1595 
0.1096 0.01294 0.1407 0.0186 0 0 0.1722 0.1593 
0.1098 0.0129 0.1406 0.01849 0 0 0.172 0.1591 
0.11 0.01285 0.1406 0.01839 0 0 0.1718 0.159 
0.1102 0.01281 0.1405 0.01828 0 0 0.1716 0.1588 
0.1104 0.01276 0.1405 0.01817 0 0 0.1714 0.1587 
0.1106 0.01272 0.1404 0.01807 0 0 0.1712 0.1585 
0.1108 0.01268 0.1404 0.01796 0 0 0.171 0.1584 
0.111 0.01263 0.1403 0.01786 0 0 0.1708 0.1582 
0.1112 0.01259 0.1403 0.01776 0 0 0.1706 0.158 
0.1114 0.01255 0.1402 0.01765 0 0 0.1704 0.1579 
0.1116 0.01251 0.1402 0.01755 0 0 0.1702 0.1577 
0.1118 0.01246 0.1401 0.01745 0 0 0.1701 0.1576 
0.112 0.01242 0.1401 0.01735 0 0 0.1699 0.1574 
0.1122 0.01238 0.14 0.01725 0 0 0.1697 0.1573 
0.1124 0.01234 0.14 0.01715 0 0 0.1695 0.1571 
0.1126 0.0123 0.1399 0.01706 0 0 0.1693 0.157 
0.1128 0.01226 0.1399 0.01696 0 0 0.1691 0.1568 
0.113 0.01222 0.1398 0.01686 0 0 0.1689 0.1567 
0.1132 0.01218 0.1398 0.01677 0 0 0.1687 0.1565 
0.1134 0.01213 0.1397 0.01667 0 0 0.1685 0.1564 
0.1136 0.01209 0.1397 0.01658 0 0 0.1683 0.1563 
0.1138 0.01205 0.1396 0.01649 0 0 0.1682 0.1561 
0.114 0.01201 0.1396 0.01639 0 0 0.168 0.156 
0.1142 0.01198 0.1395 0.0163 0 0 0.1678 0.1558 
0.1144 0.01194 0.1395 0.01621 0 0 0.1676 0.1557 
0.1146 0.0119 0.1394 0.01612 0 0 0.1674 0.1555 
0.1148 0.01186 0.1394 0.01603 0 0 0.1673 0.1554 
0.115 0.01182 0.1393 0.01594 0 0 0.1671 0.1553 
0.1152 0.01178 0.1393 0.01585 0 0 0.1669 0.1551 
0.1154 0.01174 0.1392 0.01576 0 0 0.1667 0.155 
0.1156 0.0117 0.1392 0.01567 0 0 0.1665 0.1548 
0.1158 0.01166 0.1391 0.01559 0 0 0.1664 0.1547 
0.116 0.01163 0.1391 0.0155 0 0 0.1662 0.1546 
0.1162 0.01159 0.139 0.01542 0 0 0.166 0.1544 
0.1164 0.01155 0.139 0.01533 0 0 0.1658 0.1543 
0.1166 0.01151 0.1389 0.01525 0 0 0.1657 0.1542 
0.1168 0.01148 0.1389 0.01516 0 0 0.1655 0.154 
0.117 0.01144 0.1388 0.01508 0 0 0.1653 0.1539 
0.1172 0.0114 0.1388 0.015 0 0 0.1652 0.1538 
0.1174 0.01137 0.1387 0.01492 0 0 0.165 0.1536 
0.1176 0.01133 0.1387 0.01483 0 0 0.1648 0.1535 
0.1178 0.01129 0.1386 0.01475 0 0 0.1647 0.1534 
0.118 0.01126 0.1386 0.01467 0 0 0.1645 0.1532 
0.1182 0.01122 0.1385 0.01459 0 0 0.1643 0.1531 
0.1184 0.01119 0.1385 0.01452 0 0 0.1642 0.153 
0.1186 0.01115 0.1384 0.01444 0 0 0.164 0.1528 
0.1188 0.01111 0.1384 0.01436 0 0 0.1638 0.1527 
0.119 0.01108 0.1383 0.01428 0 0 0.1637 0.1526 
0.1192 0.01104 0.1383 0.0142 0 0 0.1635 0.1525 
0.1194 0.01101 0.1382 0.01413 0 0 0.1633 0.1523 
0.1196 0.01097 0.1382 0.01405 0 0 0.1632 0.1522 
0.1198 0.01094 0.1381 0.01398 0 0 0.163 0.1521 
0.12 0.0109 0.1381 0.0139 0 0 0.1629 0.152 
0.1202 0.01087 0.138 0.01383 0 0 0.1627 0.1518 
0.1204 0.01084 0.138 0.01376 0 0 0.1625 0.1517 
0.1206 0.0108 0.1379 0.01368 0 0 0.1624 0.1516 
0.1208 0.01077 0.1379 0.01361 0 0 0.1622 0.1515 
0.121 0.01073 0.1378 0.01354 0 0 0.1621 0.1513 
0.1212 0.0107 0.1378 0.01347 0 0 0.1619 0.1512 
0.1214 0.01067 0.1377 0.0134 0 0 0.1618 0.1511 
0.1216 0.01063 0.1377 0.01332 0 0 0.1616 0.151 
0.1218 0.0106 0.1376 0.01325 0 0 0.1615 0.1509 
0.122 0.01057 0.1376 0.01318 0 0 0.1613 0.1507 
0.1222 0.01054 0.1375 0.01312 0 0 0.1612 0.1506 
0.1224 0.0105 0.1375 0.01305 0 0 0.161 0.1505 
0.1226 0.01047 0.1374 0.01298 0 0 0.1609 0.1504 
0.1228 0.01044 0.1374 0.01291 0 0 0.1607 0.1503 
0.123 0.01041 0.1373 0.01284 0 0 0.1606 0.1502 
0.1232 0.01037 0.1373 0.01278 0 0 0.1604 0.15 
0.1234 0.01034 0.1372 0.01271 0 0 0.1603 0.1499 
0.1236 0.01031 0.1372 0.01265 0 0 0.1601 0.1498 
0.1238 0.01028 0.1371 0.01258 0 0 0.16 0.1497 
0.124 0.01025 0.1371 0.01251 0 0 0.1598 0.1496 
0.1242 0.01022 0.137 0.01245 0 0 0.1597 0.1495 
0.1244 0.01018 0.137 0.01239 0 0 0.1595 0.1493 
0.1246 0.01015 0.1369 0.01232 0 0 0.1594 0.1492 
0.1248 0.01012 0.1369 0.01226 0 0 0.1592 0.1491 
0.125 0.01009 0.1368 0.0122 0 0 0.1591 0.149 
0.1252 0.01006 0.1368 0.01213 0 0 0.159 0.1489 
0.1254 0.01003 0.1367 0.01207 0 0 0.1588 0.1488 
0.1256 0.01 0.1367 0.01201 0 0 0.1587 0.1487 
0.1258 0.009971 0.1366 0.01195 0 0 0.1585 0.1486 
0.126 0.009941 0.1366 0.01189 0 0 0.1584 0.1485 
0.1262 0.009911 0.1365 0.01183 0 0 0.1583 0.1483 
0.1264 0.009881 0.1365 0.01177 0 0 0.1581 0.1482 
0.1266 0.009851 0.1364 0.01171 0 0 0.158 0.1481 
0.1268 0.009822 0.1364 0.01165 0 0 0.1578 0.148 
0.127 0.009792 0.1363 0.01159 0 0 0.1577 0.1479 
0.1272 0.009763 0.1363 0.01153 0 0 0.1576 0.1478 
0.1274 0.009734 0.1362 0.01147 0 0 0.1574 0.1477 
0.1276 0.009705 0.1362 0.01142 0 0 0.1573 0.1476 
0.1278 0.009676 0.1361 0.01136 0 0 0.1572 0.1475 
0.128 0.009648 0.1361 0.0113 0 0 0.157 0.1474 
0.1282 0.009619 0.136 0.01125 0 0 0.1569 0.1473 
0.1284 0.00959 0.136 0.01119 0 0 0.1568 0.1472 
0.1286 0.009562 0.1359 0.01114 0 0 0.1566 0.1471 
0.1288 0.009534 0.1359 0.01108 0 0 0.1565 0.147 
0.129 0.009506 0.1358 0.01102 0 0 0.1564 0.1469 
0.1292 0.009478 0.1358 0.01097 0 0 0.1562 0.1468 
0.1294 0.00945 0.1357 0.01092 0 0 0.1561 0.1467 
0.1296 0.009422 0.1357 0.01086 0 0 0.156 0.1465 
0.1298 0.009395 0.1356 0.01081 0 0 0.1558 0.1464 
0.13 0.009367 0.1356 0.01076 0 0 0.1557 0.1463 
0.1302 0.00934 0.1355 0.0107 0 0 0.1556 0.1462 
0.1304 0.009312 0.1355 0.01065 0 0 0.1555 0.1461 
0.1306 0.009285 0.1354 0.0106 0 0 0.1553 0.146 
0.1308 0.009258 0.1354 0.01055 0 0 0.1552 0.1459 
0.131 0.009231 0.1353 0.01049 0 0 0.1551 0.1458 
0.1312 0.009205 0.1353 0.01044 0 0 0.1549 0.1457 
0.1314 0.009178 0.1352 0.01039 0 0 0.1548 0.1456 
0.1316 0.009151 0.1352 0.01034 0 0 0.1547 0.1455 
0.1318 0.009125 0.1352 0.01029 0 0 0.1546 0.1454 
0.132 0.009099 0.1351 0.01024 0 0 0.1544 0.1453 
0.1322 0.009072 0.1351 0.01019 0 0 0.1543 0.1452 
0.1324 0.009046 0.135 0.01014 0 0 0.1542 0.1452 
0.1326 0.00902 0.135 0.01009 0 0 0.1541 0.1451 
0.1328 0.008995 0.1349 0.01005 0 0 0.154 0.145 
0.133 0.008969 0.1349 0.009997 0 0 0.1538 0.1449 
0.1332 0.008943 0.1348 0.009949 0 0 0.1537 0.1448 
0.1334 0.008918 0.1348 0.009902 0 0 0.1536 0.1447 
0.1336 0.008892 0.1347 0.009854 0 0 0.1535 0.1446 
0.1338 0.008867 0.1347 0.009807 0 0 0.1533 0.1445 
0.134 0.008842 0.1346 0.00976 0 0 0.1532 0.1444 
0.1342 0.008816 0.1346 0.009714 0 0 0.1531 0.1443 
0.1344 0.008791 0.1345 0.009668 0 0 0.153 0.1442 
0.1346 0.008767 0.1345 0.009622 0 0 0.1529 0.1441 
0.1348 0.008742 0.1344 0.009576 0 0 0.1528 0.144 
0.135 0.008717 0.1344 0.009531 0 0 0.1526 0.1439 
0.1352 0.008692 0.1343 0.009486 0 0 0.1525 0.1438 
0.1354 0.008668 0.1343 0.009441 0 0 0.1524 0.1437 
0.1356 0.008644 0.1342 0.009396 0 0 0.1523 0.1436 
0.1358 0.008619 0.1342 0.009352 0 0 0.1522 0.1435 
0.136 0.008595 0.1341 0.009308 0 0 0.152 0.1435 
0.1362 0.008571 0.1341 0.009265 0 0 0.1519 0.1434 
0.1364 0.008547 0.1341 0.009221 0 0 0.1518 0.1433 
0.1366 0.008523 0.134 0.009178 0 0 0.1517 0.1432 
0.1368 0.008499 0.134 0.009135 0 0 0.1516 0.1431 
0.137 0.008476 0.1339 0.009093 0 0 0.1515 0.143 
0.1372 0.008452 0.1339 0.00905 0 0 0.1514 0.1429 
0.1374 0.008429 0.1338 0.009008 0 0 0.1513 0.1428 
0.1376 0.008405 0.1338 0.008966 0 0 0.1511 0.1427 
0.1378 0.008382 0.1337 0.008925 0 0 0.151 0.1426 
0.138 0.008359 0.1337 0.008883 0 0 0.1509 0.1426 
0.1382 0.008336 0.1336 0.008842 0 0 0.1508 0.1425 
0.1384 0.008313 0.1336 0.008802 0 0 0.1507 0.1424 
0.1386 0.00829 0.1335 0.008761 0 0 0.1506 0.1423 
0.1388 0.008267 0.1335 0.008721 0 0 0.1505 0.1422 
0.139 0.008244 0.1334 0.008681 0 0 0.1504 0.1421 
0.1392 0.008222 0.1334 0.008641 0 0 0.1503 0.142 
0.1394 0.008199 0.1333 0.008601 0 0 0.1501 0.1419 
0.1396 0.008177 0.1333 0.008562 0 0 0.15 0.1419 
0.1398 0.008154 0.1332 0.008523 0 0 0.1499 0.1418 
0.14 0.008132 0.1332 0.008484 0 0 0.1498 0.1417 
0.1402 0.00811 0.1332 0.008445 0 0 0.1497 0.1416 
0.1404 0.008088 0.1331 0.008407 0 0 0.1496 0.1415 
0.1406 0.008066 0.1331 0.008369 0 0 0.1495 0.1414 
0.1408 0.008044 0.133 0.008331 0 0 0.1494 0.1413 
0.141 0.008022 0.133 0.008293 0 0 0.1493 0.1413 
0.1412 0.008 0.1329 0.008255 0 0 0.1492 0.1412 
0.1414 0.007979 0.1329 0.008218 0 0 0.1491 0.1411 
0.1416 0.007957 0.1328 0.008181 0 0 0.149 0.141 
0.1418 0.007936 0.1328 0.008144 0 0 0.1489 0.1409 
0.142 0.007914 0.1327 0.008108 0 0 0.1488 0.1408 
0.1422 0.007893 0.1327 0.008071 0 0 0.1487 0.1408 
0.1424 0.007872 0.1326 0.008035 0 0 0.1485 0.1407 
0.1426 0.007851 0.1326 0.007999 0 0 0.1484 0.1406 
0.1428 0.00783 0.1325 0.007963 0 0 0.1483 0.1405 
0.143 0.007809 0.1325 0.007928 0 0 0.1482 0.1404 
0.1432 0.007788 0.1325 0.007893 0 0 0.1481 0.1403 
0.1434 0.007767 0.1324 0.007857 0 0 0.148 0.1403 
0.1436 0.007746 0.1324 0.007822 0 0 0.1479 0.1402 
0.1438 0.007726 0.1323 0.007788 0 0 0.1478 0.1401 
0.144 0.007705 0.1323 0.007753 0 0 0.1477 0.14 
0.1442 0.007685 0.1322 0.007719 0 0 0.1476 0.1399 
0.1444 0.007665 0.1322 0.007685 0 0 0.1475 0.1399 
0.1446 0.007644 0.1321 0.007651 0 0 0.1474 0.1398 
0.1448 0.007624 0.1321 0.007617 0 0 0.1473 0.1397 
0.145 0.007604 0.132 0.007584 0 0 0.1472 0.1396 
0.1452 0.007584 0.132 0.00755 0 0 0.1471 0.1395 
0.1454 0.007564 0.132 0.007517 0 0 0.147 0.1395 
0.1456 0.007544 0.1319 0.007484 0 0 0.1469 0.1394 
0.1458 0.007524 0.1319 0.007452 0 0 0.1468 0.1393 
0.146 0.007504 0.1318 0.007419 0 0 0.1467 0.1392 
0.1462 0.007485 0.1318 0.007387 0 0 0.1466 0.1392 
0.1464 0.007465 0.1317 0.007355 0 0 0.1465 0.1391 
0.1466 0.007446 0.1317 0.007323 0 0 0.1464 0.139 
0.1468 0.007426 0.1316 0.007291 0 0 0.1463 0.1389 
0.147 0.007407 0.1316 0.007259 0 0 0.1463 0.1388 
0.1472 0.007388 0.1315 0.007228 0 0 0.1462 0.1388 
0.1474 0.007368 0.1315 0.007196 0 0 0.1461 0.1387 
0.1476 0.007349 0.1314 0.007165 0 0 0.146 0.1386 
0.1478 0.00733 0.1314 0.007134 0 0 0.1459 0.1385 
0.148 0.007311 0.1314 0.007104 0 0 0.1458 0.1385 
0.1482 0.007292 0.1313 0.007073 0 0 0.1457 0.1384 
0.1484 0.007273 0.1313 0.007043 0 0 0.1456 0.1383 
0.1486 0.007255 0.1312 0.007012 0 0 0.1455 0.1382 
0.1488 0.007236 0.1312 0.006982 0 0 0.1454 0.1382 
0.149 0.007217 0.1311 0.006953 0 0 0.1453 0.1381 
0.1492 0.007199 0.1311 0.006923 0 0 0.1452 0.138 
0.1494 0.00718 0.131 0.006893 0 0 0.1451 0.1379 
0.1496 0.007162 0.131 0.006864 0 0 0.145 0.1379 
0.1498 0.007144 0.1309 0.006835 0 0 0.1449 0.1378 
0.15 0.007125 0.1309 0.006806 0 0 0.1448 0.1377 
0.1502 0.007107 0.1309 0.006777 0 0 0.1447 0.1376 
0.1504 0.007089 0.1308 0.006748 0 0 0.1447 0.1376 
0.1506 0.007071 0.1308 0.00672 0 0 0.1446 0.1375 
0.1508 0.007053 0.1307 0.006691 0 0 0.1445 0.1374 
0.151 0.007035 0.1307 0.006663 0 0 0.1444 0.1373 
0.1512 0.007017 0.1306 0.006635 0 0 0.1443 0.1373 
0.1514 0.006999 0.1306 0.006607 0 0 0.1442 0.1372 
0.1516 0.006982 0.1305 0.006579 0 0 0.1441 0.1371 
0.1518 0.006964 0.1305 0.006552 0 0 0.144 0.1371 
0.152 0.006946 0.1305 0.006524 0 0 0.1439 0.137 
0.1522 0.006929 0.1304 0.006497 0 0 0.1438 0.1369 
0.1524 0.006911 0.1304 0.00647 0 0 0.1437 0.1368 
0.1526 0.006894 0.1303 0.006443 0 0 0.1437 0.1368 
0.1528 0.006877 0.1303 0.006416 0 0 0.1436 0.1367 
0.153 0.006859 0.1302 0.006389 0 0 0.1435 0.1366 
0.1532 0.006842 0.1302 0.006363 0 0 0.1434 0.1366 
0.1534 0.006825 0.1301 0.006336 0 0 0.1433 0.1365 
0.1536 0.006808 0.1301 0.00631 0 0 0.1432 0.1364 
0.1538 0.006791 0.1301 0.006284 0 0 0.1431 0.1363 
0.154 0.006774 0.13 0.006258 0 0 0.143 0.1363 
0.1542 0.006757 0.13 0.006232 0 0 0.143 0.1362 
0.1544 0.00674 0.1299 0.006206 0 0 0.1429 0.1361 
0.1546 0.006723 0.1299 0.006181 0 0 0.1428 0.1361 
0.1548 0.006707 0.1298 0.006155 0 0 0.1427 0.136 
0.155 0.00669 0.1298 0.00613 0 0 0.1426 0.1359 
0.1552 0.006674 0.1297 0.006105 0 0 0.1425 0.1358 
0.1554 0.006657 0.1297 0.00608 0 0 0.1424 0.1358 
0.1556 0.006641 0.1297 0.006055 0 0 0.1424 0.1357 
0.1558 0.006624 0.1296 0.00603 0 0 0.1423 0.1356 
0.156 0.006608 0.1296 0.006006 0 0 0.1422 0.1356 
0.1562 0.006592 0.1295 0.005981 0 0 0.1421 0.1355 
0.1564 0.006575 0.1295 0.005957 0 0 0.142 0.1354 
0.1566 0.006559 0.1294 0.005933 0 0 0.1419 0.1354 
0.1568 0.006543 0.1294 0.005909 0 0 0.1418 0.1353 
0.157 0.006527 0.1293 0.005885 0 0 0.1418 0.1352 
0.1572 0.006511 0.1293 0.005861 0 0 0.1417 0.1352 
0.1574 0.006495 0.1293 0.005837 0 0 0.1416 0.1351 
0.1576 0.006479 0.1292 0.005814 0 0 0.1415 0.135 
0.1578 0.006464 0.1292 0.00579 0 0 0.1414 0.135 
0.158 0.006448 0.1291 0.005767 0 0 0.1413 0.1349 
0.1582 0.006432 0.1291 0.005744 0 0 0.1413 0.1348 
0.1584 0.006417 0.129 0.005721 0 0 0.1412 0.1348 
0.1586 0.006401 0.129 0.005698 0 0 0.1411 0.1347 
0.1588 0.006385 0.129 0.005675 0 0 0.141 0.1346 
0.159 0.00637 0.1289 0.005652 0 0 0.1409 0.1346 
0.1592 0.006355 0.1289 0.00563 0 0 0.1409 0.1345 
0.1594 0.006339 0.1288 0.005607 0 0 0.1408 0.1344 
0.1596 0.006324 0.1288 0.005585 0 0 0.1407 0.1344 
0.1598 0.006309 0.1287 0.005563 0 0 0.1406 0.1343 
0.16 0.006294 0.1287 0.00554 0 0 0.1405 0.1342 
0.1602 0.006278 0.1287 0.005518 0 0 0.1404 0.1342 
0.1604 0.006263 0.1286 0.005497 0 0 0.1404 0.1341 
0.1606 0.006248 0.1286 0.005475 0 0 0.1403 0.134 
0.1608 0.006233 0.1285 0.005453 0 0 0.1402 0.134 
0.161 0.006218 0.1285 0.005432 0 0 0.1401 0.1339 
0.1612 0.006204 0.1284 0.00541 0 0 0.1401 0.1338 
0.1614 0.006189 0.1284 0.005389 0 0 0.14 0.1338 
0.1616 0.006174 0.1284 0.005368 0 0 0.1399 0.1337 
0.1618 0.006159 0.1283 0.005347 0 0 0.1398 0.1337 
0.162 0.006145 0.1283 0.005326 0 0 0.1397 0.1336 
0.1622 0.00613 0.1282 0.005305 0 0 0.1397 0.1335 
0.1624 0.006116 0.1282 0.005284 0 0 0.1396 0.1335 
0.1626 0.006101 0.1281 0.005263 0 0 0.1395 0.1334 
0.1628 0.006087 0.1281 0.005243 0 0 0.1394 0.1333 
0.163 0.006072 0.1281 0.005223 0 0 0.1393 0.1333 
0.1632 0.006058 0.128 0.005202 0 0 0.1393 0.1332 
0.1634 0.006044 0.128 0.005182 0 0 0.1392 0.1331 
0.1636 0.006029 0.1279 0.005162 0 0 0.1391 0.1331 
0.1638 0.006015 0.1279 0.005142 0 0 0.139 0.133 
0.164 0.006001 0.1278 0.005122 0 0 0.139 0.133 
0.1642 0.005987 0.1278 0.005102 0 0 0.1389 0.1329 
0.1644 0.005973 0.1278 0.005082 0 0 0.1388 0.1328 
0.1646 0.005959 0.1277 0.005063 0 0 0.1387 0.1328 
0.1648 0.005945 0.1277 0.005043 0 0 0.1387 0.1327 
0.165 0.005931 0.1276 0.005024 0 0 0.1386 0.1326 
0.1652 0.005917 0.1276 0.005005 0 0 0.1385 0.1326 
0.1654 0.005903 0.1275 0.004985 0 0 0.1384 0.1325 
0.1656 0.00589 0.1275 0.004966 0 0 0.1384 0.1325 
0.1658 0.005876 0.1275 0.004947 0 0 0.1383 0.1324 
0.166 0.005862 0.1274 0.004928 0 0 0.1382 0.1323 
0.1662 0.005849 0.1274 0.00491 0 0 0.1381 0.1323 
0.1664 0.005835 0.1273 0.004891 0 0 0.1381 0.1322 
0.1666 0.005822 0.1273 0.004872 0 0 0.138 0.1322 
0.1668 0.005808 0.1272 0.004854 0 0 0.1379 0.1321 
0.167 0.005795 0.1272 0.004835 0 0 0.1378 0.132 
0.1672 0.005781 0.1272 0.004817 0 0 0.1378 0.132 
0.1674 0.005768 0.1271 0.004799 0 0 0.1377 0.1319 
0.1676 0.005755 0.1271 0.004781 0 0 0.1376 0.1319 
0.1678 0.005741 0.127 0.004762 0 0 0.1375 0.1318 
0.168 0.005728 0.127 0.004744 0 0 0.1375 0.1317 
0.1682 0.005715 0.127 0.004727 0 0 0.1374 0.1317 
0.1684 0.005702 0.1269 0.004709 0 0 0.1373 0.1316 
0.1686 0.005689 0.1269 0.004691 0 0 0.1372 0.1316 
0.1688 0.005676 0.1268 0.004673 0 0 0.1372 0.1315 
0.169 0.005663 0.1268 0.004656 0 0 0.1371 0.1314 
0.1692 0.00565 0.1267 0.004638 0 0 0.137 0.1314 
0.1694 0.005637 0.1267 0.004621 0 0 0.137 0.1313 
0.1696 0.005624 0.1267 0.004604 0 0 0.1369 0.1313 
0.1698 0.005612 0.1266 0.004587 0 0 0.1368 0.1312 
0.17 0.005599 0.1266 0.00457 0 0 0.1367 0.1311 
0.1702 0.005586 0.1265 0.004553 0 0 0.1367 0.1311 
0.1704 0.005573 0.1265 0.004536 0 0 0.1366 0.131 
0.1706 0.005561 0.1265 0.004519 0 0 0.1365 0.131 
0.1708 0.005548 0.1264 0.004502 0 0 0.1365 0.1309 
0.171 0.005536 0.1264 0.004485 0 0 0.1364 0.1309 
0.1712 0.005523 0.1263 0.004469 0 0 0.1363 0.1308 
0.1714 0.005511 0.1263 0.004452 0 0 0.1362 0.1307 
0.1716 0.005498 0.1262 0.004436 0 0 0.1362 0.1307 
0.1718 0.005486 0.1262 0.004419 0 0 0.1361 0.1306 
0.172 0.005474 0.1262 0.004403 0 0 0.136 0.1306 
0.1722 0.005461 0.1261 0.004387 0 0 0.136 0.1305 
0.1724 0.005449 0.1261 0.004371 0 0 0.1359 0.1305 
0.1726 0.005437 0.126 0.004355 0 0 0.1358 0.1304 
0.1728 0.005425 0.126 0.004339 0 0 0.1358 0.1303 
0.173 0.005413 0.126 0.004323 0 0 0.1357 0.1303 
0.1732 0.005401 0.1259 0.004307 0 0 0.1356 0.1302 
0.1734 0.005389 0.1259 0.004291 0 0 0.1356 0.1302 
0.1736 0.005376 0.1258 0.004276 0 0 0.1355 0.1301 
0.1738 0.005365 0.1258 0.00426 0 0 0.1354 0.1301 
0.174 0.005353 0.1258 0.004245 0 0 0.1353 0.13 
0.1742 0.005341 0.1257 0.004229 0 0 0.1353 0.1299 
0.1744 0.005329 0.1257 0.004214 0 0 0.1352 0.1299 
0.1746 0.005317 0.1256 0.004199 0 0 0.1351 0.1298 
0.1748 0.005305 0.1256 0.004183 0 0 0.1351 0.1298 
0.175 0.005294 0.1255 0.004168 0 0 0.135 0.1297 
0.1752 0.005282 0.1255 0.004153 0 0 0.1349 0.1297 
0.1754 0.00527 0.1255 0.004138 0 0 0.1349 0.1296 
0.1756 0.005259 0.1254 0.004123 0 0 0.1348 0.1295 
0.1758 0.005247 0.1254 0.004109 0 0 0.1347 0.1295 
0.176 0.005236 0.1253 0.004094 0 0 0.1347 0.1294 
0.1762 0.005224 0.1253 0.004079 0 0 0.1346 0.1294 
0.1764 0.005213 0.1253 0.004064 0 0 0.1345 0.1293 
0.1766 0.005201 0.1252 0.00405 0 0 0.1345 0.1293 
0.1768 0.00519 0.1252 0.004035 0 0 0.1344 0.1292 
0.177 0.005178 0.1251 0.004021 0 0 0.1343 0.1292 
0.1772 0.005167 0.1251 0.004007 0 0 0.1343 0.1291 
0.1774 0.005156 0.1251 0.003992 0 0 0.1342 0.1291 
0.1776 0.005145 0.125 0.003978 0 0 0.1341 0.129 
0.1778 0.005133 0.125 0.003964 0 0 0.1341 0.1289 
0.178 0.005122 0.1249 0.00395 0 0 0.134 0.1289 
0.1782 0.005111 0.1249 0.003936 0 0 0.1339 0.1288 
0.1784 0.0051 0.1249 0.003922 0 0 0.1339 0.1288 
0.1786 0.005089 0.1248 0.003908 0 0 0.1338 0.1287 
0.1788 0.005078 0.1248 0.003894 0 0 0.1338 0.1287 
0.179 0.005067 0.1247 0.003881 0 0 0.1337 0.1286 
0.1792 0.005056 0.1247 0.003867 0 0 0.1336 0.1286 
0.1794 0.005045 0.1247 0.003853 0 0 0.1336 0.1285 
0.1796 0.005034 0.1246 0.00384 0 0 0.1335 0.1285 
0.1798 0.005023 0.1246 0.003826 0 0 0.1334 0.1284 
0.18 0.005013 0.1245 0.003813 0 0 0.1334 0.1284 
0.1802 0.005002 0.1245 0.003799 0 0 0.1333 0.1283 
0.1804 0.004991 0.1245 0.003786 0 0 0.1332 0.1282 
0.1806 0.00498 0.1244 0.003773 0 0 0.1332 0.1282 
0.1808 0.00497 0.1244 0.00376 0 0 0.1331 0.1281 
0.181 0.004959 0.1243 0.003747 0 0 0.133 0.1281 
0.1812 0.004948 0.1243 0.003734 0 0 0.133 0.128 
0.1814 0.004938 0.1243 0.003721 0 0 0.1329 0.128 
0.1816 0.004927 0.1242 0.003708 0 0 0.1329 0.1279 
0.1818 0.004917 0.1242 0.003695 0 0 0.1328 0.1279 
0.182 0.004906 0.1241 0.003682 0 0 0.1327 0.1278 
0.1822 0.004896 0.1241 0.003669 0 0 0.1327 0.1278 
0.1824 0.004885 0.1241 0.003656 0 0 0.1326 0.1277 
0.1826 0.004875 0.124 0.003644 0 0 0.1325 0.1277 
0.1828 0.004865 0.124 0.003631 0 0 0.1325 0.1276 
0.183 0.004854 0.1239 0.003619 0 0 0.1324 0.1276 
0.1832 0.004844 0.1239 0.003606 0 0 0.1324 0.1275 
0.1834 0.004834 0.1239 0.003594 0 0 0.1323 0.1275 
0.1836 0.004824 0.1238 0.003582 0 0 0.1322 0.1274 
0.1838 0.004814 0.1238 0.003569 0 0 0.1322 0.1274 
0.184 0.004803 0.1238 0.003557 0 0 0.1321 0.1273 
0.1842 0.004793 0.1237 0.003545 0 0 0.1321 0.1273 
0.1844 0.004783 0.1237 0.003533 0 0 0.132 0.1272 
0.1846 0.004773 0.1236 0.003521 0 0 0.1319 0.1272 
0.1848 0.004763 0.1236 0.003509 0 0 0.1319 0.1271 
0.185 0.004753 0.1236 0.003497 0 0 0.1318 0.1271 
0.1852 0.004743 0.1235 0.003485 0 0 0.1317 0.127 
0.1854 0.004733 0.1235 0.003473 0 0 0.1317 0.127 
0.1856 0.004723 0.1234 0.003461 0 0 0.1316 0.1269 
0.1858 0.004714 0.1234 0.003449 0 0 0.1316 0.1268 
0.186 0.004704 0.1234 0.003438 0 0 0.1315 0.1268 
0.1862 0.004694 0.1233 0.003426 0 0 0.1314 0.1267 
0.1864 0.004684 0.1233 0.003414 0 0 0.1314 0.1267 
0.1866 0.004674 0.1232 0.003403 0 0 0.1313 0.1266 
0.1868 0.004665 0.1232 0.003391 0 0 0.1313 0.1266 
0.187 0.004655 0.1232 0.00338 0 0 0.1312 0.1265 
0.1872 0.004645 0.1231 0.003369 0 0 0.1311 0.1265 
0.1874 0.004636 0.1231 0.003357 0 0 0.1311 0.1264 
0.1876 0.004626 0.1231 0.003346 0 0 0.131 0.1264 
0.1878 0.004617 0.123 0.003335 0 0 0.131 0.1263 
0.188 0.004607 0.123 0.003324 0 0 0.1309 0.1263 
0.1882 0.004598 0.1229 0.003313 0 0 0.1308 0.1262 
0.1884 0.004588 0.1229 0.003302 0 0 0.1308 0.1262 
0.1886 0.004579 0.1229 0.00329 0 0 0.1307 0.1261 
0.1888 0.004569 0.1228 0.00328 0 0 0.1307 0.1261 
0.189 0.00456 0.1228 0.003269 0 0 0.1306 0.1261 
0.1892 0.00455 0.1227 0.003258 0 0 0.1306 0.126 
0.1894 0.004541 0.1227 0.003247 0 0 0.1305 0.126 
0.1896 0.004532 0.1227 0.003236 0 0 0.1304 0.1259 
0.1898 0.004523 0.1226 0.003225 0 0 0.1304 0.1259 
0.19 0.004513 0.1226 0.003215 0 0 0.1303 0.1258 
0.1902 0.004504 0.1226 0.003204 0 0 0.1303 0.1258 
0.1904 0.004495 0.1225 0.003193 0 0 0.1302 0.1257 
0.1906 0.004486 0.1225 0.003183 0 0 0.1301 0.1257 
0.1908 0.004477 0.1224 0.003172 0 0 0.1301 0.1256 
0.191 0.004467 0.1224 0.003162 0 0 0.13 0.1256 
0.1912 0.004458 0.1224 0.003152 0 0 0.13 0.1255 
0.1914 0.004449 0.1223 0.003141 0 0 0.1299 0.1255 
0.1916 0.00444 0.1223 0.003131 0 0 0.1299 0.1254 
0.1918 0.004431 0.1222 0.003121 0 0 0.1298 0.1254 
0.192 0.004422 0.1222 0.00311 0 0 0.1297 0.1253 
0.1922 0.004413 0.1222 0.0031 0 0 0.1297 0.1253 
0.1924 0.004405 0.1221 0.00309 0 0 0.1296 0.1252 
0.1926 0.004396 0.1221 0.00308 0 0 0.1296 0.1252 
0.1928 0.004387 0.1221 0.00307 0 0 0.1295 0.1251 
0.193 0.004378 0.122 0.00306 0 0 0.1295 0.1251 
0.1932 0.004369 0.122 0.00305 0 0 0.1294 0.125 
0.1934 0.00436 0.1219 0.00304 0 0 0.1293 0.125 
0.1936 0.004352 0.1219 0.00303 0 0 0.1293 0.1249 
0.1938 0.004343 0.1219 0.00302 0 0 0.1292 0.1249 
0.194 0.004334 0.1218 0.003011 0 0 0.1292 0.1248 
0.1942 0.004325 0.1218 0.003001 0 0 0.1291 0.1248 
0.1944 0.004317 0.1218 0.002991 0 0 0.1291 0.1247 
0.1946 0.004308 0.1217 0.002982 0 0 0.129 0.1247 
0.1948 0.0043 0.1217 0.002972 0 0 0.129 0.1247 
0.195 0.004291 0.1216 0.002962 0 0 0.1289 0.1246 
0.1952 0.004282 0.1216 0.002953 0 0 0.1288 0.1246 
0.1954 0.004274 0.1216 0.002943 0 0 0.1288 0.1245 
0.1956 0.004265 0.1215 0.002934 0 0 0.1287 0.1245 
0.1958 0.004257 0.1215 0.002925 0 0 0.1287 0.1244 
0.196 0.004249 0.1215 0.002915 0 0 0.1286 0.1244 
0.1962 0.00424 0.1214 0.002906 0 0 0.1286 0.1243 
0.1964 0.004232 0.1214 0.002897 0 0 0.1285 0.1243 
0.1966 0.004223 0.1213 0.002887 0 0 0.1285 0.1242 
0.1968 0.004215 0.1213 0.002878 0 0 0.1284 0.1242 
0.197 0.004207 0.1213 0.002869 0 0 0.1283 0.1241 
0.1972 0.004198 0.1212 0.00286 0 0 0.1283 0.1241 
0.1974 0.00419 0.1212 0.002851 0 0 0.1282 0.124 
0.1976 0.004182 0.1212 0.002842 0 0 0.1282 0.124 
0.1978 0.004174 0.1211 0.002833 0 0 0.1281 0.124 
0.198 0.004165 0.1211 0.002824 0 0 0.1281 0.1239 
0.1982 0.004157 0.1211 0.002815 0 0 0.128 0.1239 
0.1984 0.004149 0.121 0.002806 0 0 0.128 0.1238 
0.1986 0.004141 0.121 0.002797 0 0 0.1279 0.1238 
0.1988 0.004133 0.1209 0.002788 0 0 0.1279 0.1237 
0.199 0.004125 0.1209 0.002779 0 0 0.1278 0.1237 
0.1992 0.004117 0.1209 0.002771 0 0 0.1278 0.1236 
0.1994 0.004109 0.1208 0.002762 0 0 0.1277 0.1236 
0.1996 0.004101 0.1208 0.002753 0 0 0.1276 0.1235 
0.1998 0.004093 0.1208 0.002745 0 0 0.1276 0.1235 
